	fromNode	toNode	flow	travelTime
	872	869	358.941	7.96050738376
	687	688	2696.386	4.43963307638
	792	790	1122.863	3.44087682333
	401	400	3665.669	4.26723420308
	872	460	213.067	5.86001207206
	547	621	3196.173	2.93943783658
	614	68	5630.58	0.0500012556049
	534	933	4921.2	9.45421322196
	50	596	4282.2	0.050000420057
	785	914	273.762	9.24019929475
	403	606	1646.922	3.45906562126
	461	460	2339.01	6.48848983981
	575	530	2888.95	2.78580595122
	531	574	2983.815	3.18373764774
	821	815	2146.726	3.87195822597
	555	625	4352.121	1.58255986532
	682	136	7498.638	0.0500039497538
	5	551	15501.438	0.0500721320738
	778	777	1416.31	4.69472365583
	491	492	9108.809	4.48286756262
	226	772	1914.345	0.0500000167773
	575	574	12189.181	5.11605851224
	913	726	327.308	9.38006307839
	577	530	4836.159	3.17890950505
	369	915	278.703	0.0500000000075
	480	483	6146.441	2.25546033221
	732	416	109.833	5.28000720338
	91	637	6371.298	0.050002058506
	899	442	80.444	2.78027940274
	712	393	2415.245	2.70911794016
	792	246	446.796	0.0500000000498
	688	142	5699.142	0.0500013178876
	680	134	4619.061	0.0500005686634
	571	25	6014.466	0.050001634665
	833	455	858.618	2.70271750254
	833	838	381.719	4.51089768285
	764	762	417.279	4.80598331469
	681	487	3024.791	1.57082719817
	841	843	261.991	4.22726427643
	640	642	503.882	4.39265308506
	422	421	1977.429	3.54295357199
	555	9	5886.081	0.0500014994963
	624	78	8505.738	0.0500065386557
	70	616	4032.378	0.0500003302824
	842	651	793.282	4.51670683526
	858	848	179.59	7.25001396603
	499	567	9424.837	1.63562601163
	751	753	1941.975	4.36227087035
	481	691	5891.012	2.66491355825
	897	891	206.026	5.63030055416
	717	715	200.003	5.36003293382
	886	445	573.776	1.06707065056
	919	924	133.2	10.1804806799
	897	351	3089.601	0.0500001138282
	844	843	459.746	4.25035161469
	184	730	1319.337	0.050000003785
	520	519	0.0	0.75
	849	664	745.261	5.88029733868
	392	717	633.42	3.05195725885
	768	808	1325.325	3.59405158742
	138	684	1319.931	0.0500000037918
	660	902	3818.529	6.50974537784
	24	570	5409.828	0.0500010699766
	818	869	39.589	6.33000046071
	769	223	665.145	0.0500000002445
	544	904	1792.761	3.25805720078
	497	493	9141.443	3.07840969312
	665	448	1468.67	1.17544128957
	747	749	1214.353	3.92848954403
	844	839	501.56	3.95740653183
	368	914	1060.137	0.0500000015779
	595	432	1323.935	3.16355136198
	661	115	3851.37	0.0500002748536
	902	670	538.139	12.4452055232
	859	849	195.792	7.36000177296
	854	850	638.271	3.38215411247
	490	631	2689.801	3.84773923344
	894	910	176.892	10.6549791281
	398	399	6649.121	1.05775414167
	837	291	403.578	0.0500000000331
	522	523	2193.194	7.35059166027
	695	149	4718.709	0.0500006193459
	858	446	378.698	2.41000142431
	800	798	989.7	3.9579453016
	371	917	527.841	0.050000000097
	850	668	1437.879	3.84600429183
	760	765	2792.905	4.66260557795
	594	589	1680.093	5.16681511754
	891	896	35.673	8.87003447414
	777	779	3376.411	5.66644544499
	738	742	360.603	5.38085284654
	576	30	4024.062	0.0500003275662
	846	856	59.151	7.52000272767
	396	397	5287.557	2.50583477513
	854	861	2.376	9.03000000069
	497	498	7782.864	0.863488342433
	602	603	1374.137	3.82798058617
	769	774	448.134	5.24151813874
	707	161	1967.292	0.0500000187118
	813	472	1174.398	1.39489646047
	514	903	1926.224	2.67653863791
	433	617	1678.793	1.50021942025
	431	597	472.457	2.91008495588
	752	747	484.561	4.47094630814
	699	689	1324.984	5.27107850034
	685	411	2243.67	3.04891652775
	657	525	1843.67	2.51696013589
	208	754	1348.596	0.0500000041321
	580	582	1862.523	6.55794722626
	606	607	1691.707	4.12348443498
	554	435	3288.735	4.0981702909
	329	875	598.239	0.05000000016
	881	465	471.266	2.4801222743
	642	640	1501.935	4.59943070188
	397	604	3712.098	1.73008438126
	761	759	135.247	3.59001126098
	742	738	164.196	5.38003666096
	713	709	12.348	5.92000000053
	584	395	1443.54	3.89684093104
	611	403	776.105	2.09225248381
	484	480	5196.448	2.50274960171
	728	724	1938.826	3.7593316154
	732	186	317.574	0.0500000000127
	147	693	5635.98	0.0500012604286
	877	461	807.281	5.89337266865
	874	871	253.57	7.87012493883
	297	843	822.843	0.0500000005727
	784	238	137.961	0.0500000000005
	868	867	182.915	7.39000826915
	808	800	0.0	12.39
	817	271	316.089	0.0500000000125
	491	558	4885.767	3.35322118546
	519	668	2515.852	0.88037627871
	654	452	4236.26	2.3258737638
	394	601	688.042	2.69125888502
	852	850	300.453	3.67011484272
	862	465	214.671	4.50000955268
	265	811	114.912	0.0500000000002
	778	429	4687.441	2.88237271118
	500	570	4735.116	1.6100936145
	577	545	1992.198	3.64331873426
	838	292	436.833	0.0500000000455
	619	614	2735.723	5.96634138827
	812	266	105.822	0.0500000000002
	572	571	4374.648	6.03543544181
	689	699	1207.377	5.13411997597
	902	542	2982.747	4.21411227196
	668	519	3196.811	1.26664141483
	836	831	432.181	3.6992575821
	470	817	513.963	0.747745516804
	663	665	134.135	4.29001301958
	443	444	926.997	4.45328467502
	908	906	1409.61	7.66011199348
	715	717	569.295	5.36216194924
	911	908	518.721	11.423174919
	519	520	0.0	0.75
	741	739	125.478	3.38000785522
	705	706	2002.661	4.15598237603
	739	193	65.754	0.05
	258	804	1549.485	0.050000007201
	584	588	1934.568	6.38594164088
	877	878	247.796	7.62430946539
	820	818	67.122	4.2600025621
	871	872	79.618	6.94000261442
	645	646	3994.699	4.55027010713
	100	646	3233.367	0.0500001365402
	608	592	1571.825	4.38562965885
	462	927	1412.1	7.81092149554
	664	118	3388.446	0.0500001646807
	713	392	1354.632	1.58035403875
	149	695	3749.112	0.0500002468051
	787	782	122.359	7.1200015953
	792	800	376.14	8.37384518923
	526	541	1792.405	0.444539587015
	672	674	1238.955	4.07813863145
	760	214	733.401	0.0500000003614
	28	574	7830.324	0.0500046963386
	615	439	5002.656	2.08063407101
	759	758	595.086	5.03477258288
	705	159	4557.96	0.050000539166
	697	698	1657.531	3.96747008538
	550	549	3319.53	3.37558538132
	529	530	3686.467	2.08181508559
	538	409	6813.363	2.23028196314
	753	762	3253.34	3.83632782435
	651	649	1274.851	3.99657697523
	327	873	55.512	0.05
	757	761	2476.225	5.02723859083
	672	126	185.121	0.0500000000015
	556	560	4399.175	6.40131993032
	582	660	2181.371	6.01308053814
	587	588	378.83	4.73001127522
	569	573	1155.726	5.09105105048
	646	100	3697.164	0.0500002334078
	630	489	1817.103	2.70920599841
	696	695	1917.842	3.99155109984
	676	678	1592.715	4.11630841418
	582	541	587.519	5.76263536863
	432	433	5842.462	3.35264926547
	801	255	152.658	0.0500000000007
	692	407	2617.168	2.47973780766
	786	794	449.805	6.89052230307
	685	690	1930.99	3.8511196537
	800	254	482.634	0.0500000000678
	142	688	4595.517	0.0500005571575
	675	404	5451.622	3.59464570321
	280	826	609.651	0.0500000001726
	13	559	8461.332	0.0500064031756
	678	677	2759.155	4.57303710964
	919	373	522.405	0.050000000093
	824	823	967.823	3.98249018072
	865	868	116.687	12.3254816569
	219	765	3641.112	0.0500002195718
	584	586	1527.86	6.16963634499
	827	837	289.47	3.8401035325
	340	886	536.391	0.0500000001034
	492	493	4963.075	1.43984925079
	526	546	0.0	3.23
	558	12	5816.277	0.0500014296206
	548	547	1489.655	3.28972806452
	612	617	4315.373	4.75538366014
	720	174	184.473	0.0500000000014
	799	253	1167.003	0.050000002317
	606	403	2451.663	5.88009849349
	789	788	203.627	4.39007075828
	590	401	5126.787	1.95472579037
	871	870	74.577	7.78000003945
	860	859	53.892	8.17000004038
	440	441	4132.357	2.81405953701
	95	641	2477.529	0.0500000470669
	766	767	4818.139	5.63159390458
	60	606	4633.614	0.0500005758639
	747	741	300.084	3.80011832763
	634	635	3058.968	4.19783615192
	331	877	1288.71	0.0500000034456
	236	782	335.484	0.0500000000158
	682	692	1783.318	4.00148151644
	912	909	5.841	9.83000000034
	757	211	1540.008	0.0500000070264
	547	548	1872.68	3.33424686649
	725	179	1704.636	0.0500000105479
	811	817	386.333	3.87033104682
	351	897	1627.911	0.0500000087733
	227	773	935.334	0.0500000009561
	618	621	1315.314	3.89160829879
	773	775	2576.689	4.77680567375
	847	840	272.133	6.40013478328
	825	827	203.494	4.35111888886
	825	279	525.906	0.0500000000956
	924	919	170.1	10.1812783692
	693	694	2205.15	4.3170200942
	571	501	4906.404	2.72653372495
	485	484	6113.306	4.35278161829
	925	390	1152.0	6.94220006747
	699	700	2664.646	4.13948717166
	566	567	1941.462	5.44851512505
	646	507	2230.066	2.61655762668
	614	612	1587.42	4.27444463157
	46	592	5911.488	0.0500015255545
	655	451	2297.503	2.49658392294
	584	808	40.979	10.6400720109
	850	851	240.349	4.80001601141
	583	37	6423.129	0.0500021263123
	530	529	6120.477	2.29173123705
	814	268	815.976	0.0500000005538
	625	79	3676.023	0.0500002281147
	849	447	868.68	1.87062392472
	34	580	5814.126	0.0500014275069
	790	792	604.443	3.42175298718
	843	297	576.648	0.0500000001381
	526	528	5539.198	12.063278651
	639	506	1996.362	1.80686184534
	898	900	87.13	5.6000095628
	875	460	761.608	2.21074325415
	670	521	794.819	3.97647203969
	802	794	34.646	7.41000001977
	518	911	146.283	5.26000240758
	878	855	145.34	7.99001369048
	709	711	212.486	5.4916787456
	916	915	101.565	7.8420021822
	622	76	8053.425	0.0500052548817
	572	570	3895.759	5.51049491054
	887	888	63.766	7.89000386509
	561	15	8720.613	0.0500072248448
	111	657	4917.132	0.0500007302775
	724	674	1277.689	4.61243057028
	633	478	3022.071	1.93611514983
	897	899	49.579	6.60009570756
	560	14	11377.134	0.0500209301317
	56	602	3867.417	0.0500002794631
	170	716	4733.172	0.0500006269741
	681	691	4290.431	4.00980460166
	215	761	185.742	0.0500000000015
	901	900	122.372	7.89424635674
	768	770	641.335	6.36172997276
	366	912	168.75	0.050000000001
	603	718	861.308	4.31938064749
	399	604	3863.483	3.36621183406
	743	741	457.568	6.81451460312
	927	462	1712.7	7.84691505967
	629	83	3748.455	0.0500002466321
	622	555	2907.833	5.01788744376
	413	734	2992.275	0.680533083606
	63	609	3347.028	0.0500001567754
	700	699	2396.958	4.12240233046
	848	843	77.872	6.4500022236
	425	779	2540.631	2.05809520008
	893	894	145.63	7.82003297474
	569	533	1383.939	2.98262358596
	852	306	80.244	0.0500000000001
	714	708	47.562	6.99000002096
	123	669	3853.737	0.0500002755299
	920	919	390.827	6.88029725756
	885	857	79.373	7.39000029319
	930	518	0.0	9.32
	690	144	1615.671	0.0500000085124
	469	819	1011.234	0.340658403013
	675	129	3471.021	0.0500001813299
	921	418	1421.874	4.00791187168
	747	201	646.713	0.0500000002185
	673	127	1075.032	0.0500000016685
	721	727	518.822	7.030943268
	566	20	6408.333	0.0500021067876
	834	833	950.877	4.89004933331
	483	693	7840.405	0.658767579825
	887	893	41.312	6.87004802561
	748	746	1104.868	4.72510266616
	505	639	1900.607	2.42365486148
	426	441	4628.216	5.35077780912
	725	723	475.12	4.08194914743
	852	860	93.244	6.08000430882
	450	453	2426.603	4.59794643711
	527	543	3753.263	4.75749096269
	295	841	757.746	0.0500000004118
	590	589	4366.017	5.07547140001
	750	749	1214.688	5.42857800882
	431	593	2598.103	1.30390630562
	85	631	11955.114	0.0500255185125
	785	786	195.954	7.03000607328
	476	475	2367.409	1.69266524807
	931	385	93.6	0.0500000000001
	613	615	5516.334	3.66014188724
	589	591	5092.939	4.07474404094
	454	455	2729.432	3.40918874168
	341	887	81.234	0.0500000000001
	734	735	734.594	3.91041649277
	795	787	200.227	7.03000413321
	486	691	2720.537	2.41104759186
	515	932	22.5	5.93000000036
	906	360	4657.203	0.0500005876803
	217	763	1572.21	0.0500000076328
	478	703	3369.71	2.74685424387
	478	477	6002.581	2.8060008824
	683	673	1704.38	4.33672672849
	73	619	6908.31	0.0500028452979
	513	902	3597.716	4.19120286378
	400	401	2137.909	4.11050649384
	636	501	3321.727	0.632373368208
	608	537	5236.561	3.71799342341
	794	786	223.709	6.89003195651
	781	235	101.952	0.0500000000001
	716	393	3512.464	2.15451699637
	878	877	405.864	7.65101475504
	650	651	934.883	4.36275996643
	593	594	1766.547	4.543715305
	906	516	2010.897	1.62306591829
	647	645	2813.03	3.97372888699
	651	842	375.342	4.50083732189
	826	280	233.01	0.0500000000037
	472	815	1472.696	2.2393380039
	523	530	6362.319	3.12088866487
	845	831	398.414	5.9925633694
	584	712	363.382	7.4812227186
	624	557	1075.366	9.36596801246
	696	734	634.98	4.2202309231
	684	674	756.978	4.33173654994
	739	740	622.424	4.1157830696
	804	808	2099.026	3.69642533957
	723	725	857.569	4.10068748677
	758	763	1055.617	4.07082843877
	700	702	522.719	5.10013927864
	573	531	1682.979	3.44742584236
	492	491	8318.132	3.98250840594
	637	644	2425.466	4.52729394681
	456	457	2434.939	3.03295300919
	439	615	5220.206	2.10673952248
	662	116	1946.223	0.050000017923
	418	922	1112.052	4.83838959588
	557	490	2561.525	3.62709369407
	778	597	0.0	10.64
	898	893	126.475	7.48001794286
	659	654	1578.205	4.81489146823
	864	867	119.95	8.61005281173
	636	631	4810.289	4.5666092502
	877	880	64.998	7.79000130349
	681	135	6472.341	0.0500021922296
	757	800	1226.168	3.72553030774
	845	467	299.368	2.09006446129
	711	713	1350.095	6.12831773215
	804	805	1347.733	3.6043446936
	664	849	560.494	5.88009512654
	689	143	3198.105	0.0500001306807
	869	820	327.889	5.66193842964
	411	685	3301.475	3.08180150258
	298	844	453.285	0.0500000000527
	188	734	2725.659	0.0500000689488
	172	718	2728.197	0.0500000692059
	860	314	297.072	0.0500000000097
	827	651	496.768	4.02644841139
	638	707	2354.429	4.60615060895
	358	904	3701.115	0.0500002344071
	628	485	5168.872	3.01034888015
	612	596	2126.069	4.39005012882
	667	121	2793.015	0.050000076021
	560	550	2687.263	5.68148388182
	591	592	2378.413	4.63418190476
	680	679	3184.7	3.74960055244
	713	711	636.317	4.19057931453
	848	858	97.041	7.2500011906
	739	921	273.918	5.84030822397
	628	629	2335.965	4.79647325722
	881	878	290.812	7.94002077356
	910	861	91.569	9.61002001905
	577	576	1513.245	6.69363819482
	783	237	896.247	0.050000000806
	686	140	1278.045	0.0500000033329
	545	577	3256.548	3.84789670731
	667	669	1269.024	4.32069994222
	782	236	331.128	0.050000000015
	893	887	158.561	6.88042205794
	726	180	182.592	0.0500000000014
	571	572	3396.757	5.87921188944
	812	866	369.086	6.48800967302
	762	753	1474.056	3.46628148855
	759	761	745.159	3.60037675421
	894	893	180.559	7.82007792101
	616	618	3817.562	3.23675568225
	393	716	2963.482	2.01416832843
	765	760	548.087	4.63004835766
	1	547	4490.217	0.05000050782
	639	640	588.832	3.51078141001
	555	624	6794.872	3.61648411519
	516	517	340.202	6.07008127467
	289	835	979.488	0.0500000011498
	378	924	170.1	0.050000000001
	558	557	3245.392	4.09623137004
	535	487	4336.405	4.24242056923
	741	195	372.663	0.0500000000241
	570	569	1747.75	5.59119247772
	744	743	575.412	7.11299306731
	900	898	298.493	5.60131719737
	720	714	28.726	6.95000000473
	576	643	2116.127	3.66108344888
	830	468	401.373	2.85028403294
	857	856	59.983	7.62000018267
	540	438	1823.508	1.69856774039
	667	662	778.233	5.39759204126
	632	502	1671.197	2.05596976318
	713	167	1085.013	0.0500000017313
	715	719	129.246	5.28004365446
	432	431	4741.652	3.94704398904
	49	595	3146.022	0.0500001223735
	892	885	158.371	8.31253118005
	799	798	799.188	3.67399742595
	54	600	1133.883	0.050000002065
	445	886	242.375	1.05054354042
	775	776	2078.033	4.08281356466
	693	703	1290.405	5.26334992943
	706	160	2714.994	0.050000067876
	841	842	912.631	3.90270436032
	471	470	2093.608	4.19912209431
	213	759	113.868	0.0500000000002
	873	874	25.29	7.70000002953
	37	583	1033.929	0.0500000014276
	735	733	323.554	5.9697977107
	648	650	889.691	3.99249889936
	708	162	423.477	0.0500000000402
	577	578	2465.846	4.63626868002
	30	576	4875.273	0.0500007057262
	559	557	2494.921	5.67582175005
	856	863	71.29	7.07000171201
	549	547	3515.644	5.1632559505
	601	600	979.027	3.8418067331
	666	521	1564.923	0.647737405534
	621	547	2914.001	2.92415836931
	838	454	404.358	1.93009554934
	553	550	2906.182	4.19950937745
	521	519	1526.756	2.72354697957
	537	608	2043.778	3.31946680376
	754	208	660.807	0.0500000002382
	605	604	4521.261	5.79836514925
	809	697	2032.789	4.20899866637
	755	209	2858.229	0.0500000833736
	711	709	254.384	5.49344844077
	435	552	5675.893	1.22788429757
	670	905	550.466	10.137725151
	499	500	5654.878	3.53698357037
	408	689	1305.126	2.24956966494
	458	468	2923.061	3.12235553478
	743	922	497.883	9.79949930851
	747	748	543.847	4.52073223692
	751	205	2092.923	0.0500000239692
	509	510	6144.306	4.34827515502
	128	674	777.735	0.0500000004571
	412	413	3247.799	2.90027936476
	787	795	937.532	7.03198673951
	476	705	1657.746	2.03524903656
	693	483	5508.375	0.538681368549
	717	392	680.263	3.07572269628
	651	650	951.865	4.3637126665
	575	528	4187.52	1.03854828294
	714	715	294.691	6.66001837312
	421	754	815.205	2.87184144353
	823	828	914.369	3.84497076738
	892	346	1994.211	0.0500000197572
	865	864	387.122	6.74005537229
	234	780	851.985	0.0500000006582
	777	778	3551.714	6.03323260216
	646	653	1311.22	4.14447655376
	714	168	149.688	0.0500000000006
	673	683	2073.359	4.41612756256
	836	846	87.589	6.34000143291
	558	491	3875.498	3.26065936773
	395	396	5287.557	4.33473788115
	543	534	2777.146	3.50680762645
	643	578	3076.743	3.7924568032
	496	436	13787.405	1.86265834325
	842	841	1035.732	3.90448614458
	292	838	653.202	0.0500000002274
	453	650	644.934	3.99090441011
	433	616	3784.819	3.41284861204
	885	892	230.489	8.35621991036
	906	905	813.426	9.68784790608
	656	660	2618.701	4.16354057289
	116	662	2137.239	0.0500000260647
	660	656	2563.018	4.13606356959
	204	750	1776.744	0.0500000124492
	38	584	2005.632	0.0500000202137
	910	907	287.665	11.0602908268
	739	419	699.243	5.10591258706
	821	823	978.886	3.73200672839
	809	811	367.108	3.95027548865
	642	641	1224.884	3.55067150002
	584	394	518.254	5.83047504856
	533	532	7257.997	1.86211288462
	594	593	2238.285	4.54957536246
	722	672	1204.501	4.71032399029
	553	7	7677.234	0.0500043396987
	506	639	1866.267	1.80524057395
	508	509	4680.695	2.68763208573
	218	764	1226.952	0.0500000028311
	561	560	2742.638	4.3825390344
	880	881	39.671	7.80000007419
	445	446	1324.559	6.28929176016
	839	844	588.898	3.96407614189
	443	442	544.824	3.59031618295
	744	922	1448.951	7.05493994989
	907	361	391.284	0.0500000000293
	582	579	1377.869	5.63359533647
	491	559	7992.385	0.805728598299
	457	456	2621.587	3.06833873535
	877	331	928.179	0.0500000009272
	789	243	297.738	0.0500000000098
	807	261	732.267	0.0500000003592
	862	466	559.053	5.40012659511
	652	653	1716.607	4.30362642759
	834	824	1705.801	5.01096977817
	692	694	1855.154	5.18003808601
	424	777	990.288	4.25663656953
	661	902	1580.884	7.9996347943
	859	313	109.341	0.0500000000002
	157	703	5265.36	0.0500009601802
	451	450	1382.571	1.44126276782
	885	339	46.017	0.05
	638	825	703.968	3.76372406077
	634	88	4048.155	0.0500003354818
	474	473	1158.04	3.2313941452
	890	896	9.136	8.26000000054
	845	846	54.865	7.86000027349
	663	841	567.138	4.16043019702
	657	647	3980.953	4.54132630812
	444	445	926.997	5.00369064609
	607	676	535.657	8.22742273094
	453	841	554.193	1.81505576957
	908	907	622.091	7.76215220499
	738	920	84.519	8.24001245865
	411	412	3247.799	3.03362554245
	321	867	352.629	0.0500000000193
	605	584	229.089	8.07065859238
	80	626	9284.202	0.0500092815133
	889	343	67.86	0.05
	900	901	48.178	7.89010201953
	615	536	1549.506	1.60214628231
	506	644	3810.094	2.72099471293
	559	562	2577.792	5.66180789912
	896	899	25.594	9.2300095053
	514	905	591.084	11.272547575
	586	772	1543.918	3.87029971142
	772	226	1490.526	0.0500000061659
	691	681	6293.093	4.04538191997
	780	234	538.722	0.0500000001052
	847	301	241.587	0.0500000000043
	883	880	81.772	7.01004701406
	563	551	10935.175	3.12128810432
	401	585	3505.245	1.72970357298
	702	814	511.74	4.55031190902
	766	422	1265.726	4.99981586876
	601	55	1088.856	0.050000001756
	550	548	2498.751	5.82415034912
	429	593	1360.445	2.39068795446
	126	672	456.561	0.0500000000543
	61	607	4738.014	0.0500006295436
	884	889	19.769	7.86000003557
	729	725	624.037	4.39024352698
	819	817	662.421	3.51067555788
	858	312	307.575	0.0500000000112
	531	532	9596.144	2.82573325514
	655	653	1343.381	4.87015519059
	736	698	2273.773	4.36223897505
	621	75	1589.805	0.0500000079802
	756	210	5735.673	0.0500013520041
	429	430	0.0	0.63
	598	620	1719.029	3.98447854978
	896	890	13.277	8.26000000241
	829	468	251.09	1.33002030021
	913	708	137.325	20.0400131978
	784	792	308.881	7.74055444817
	718	172	2631.015	0.0500000598596
	753	756	2208.545	4.70055572141
	585	771	1700.881	3.94013588199
	915	916	177.471	7.85866538233
	485	489	7441.386	4.6175290232
	530	577	2784.709	2.85055429307
	409	408	3384.674	2.23834997448
	910	894	104.435	10.633034791
	559	631	966.817	6.10127914032
	733	735	745.654	6.23636747238
	746	757	1912.64	7.1455943255
	781	780	387.041	7.09015903518
	907	905	895.946	7.10109798632
	888	894	33.383	6.94000129286
	391	388	1449.504	6.00638748128
	223	769	771.588	0.0500000004428
	582	36	5425.002	0.0500010820319
	407	692	5970.11	2.73367206367
	631	636	2092.565	4.37704101222
	658	656	1598.673	4.76817956404
	933	387	4921.2	0.0500007326972
	360	906	3768.741	0.0500002520146
	493	492	4482.719	1.41648624462
	754	763	1049.519	4.56248941499
	847	846	63.926	7.67000012803
	612	614	2787.772	4.31227634012
	576	577	1068.057	6.45783405877
	560	558	4982.788	5.48561318024
	420	421	4714.297	3.68000924132
	743	752	610.833	6.53685326995
	202	748	1497.177	0.0500000062767
	710	806	1378.832	3.56885615713
	923	377	1365.3	0.0500000043406
	359	905	4805.307	0.0500006660779
	846	845	72.064	7.86000081401
	424	425	5947.096	4.30370856201
	760	758	618.623	3.87531357105
	600	605	2399.317	3.68911004332
	171	717	985.221	0.050000001177
	542	902	5279.492	4.25036311759
	579	578	1526.217	7.65031201439
	864	913	0.0	23.35
	829	457	461.794	3.67489873409
	53	599	4198.797	0.0500003882755
	801	802	404.602	7.09178126942
	390	388	1322.897	11.1239511707
	811	816	376.016	3.81014104462
	773	774	1000.765	4.05238031674
	3	549	9085.977	0.0500085138697
	672	671	1843.109	3.82218713009
	686	730	628.616	4.00158191905
	631	490	3324.745	3.91143669021
	350	896	198.099	0.0500000000019
	467	458	2405.436	5.3430154355
	548	550	3040.62	5.84102585958
	433	434	6125.987	3.14429785071
	492	561	3512.571	3.10075425045
	674	724	837.614	4.52076631802
	560	556	3557.856	5.9599917368
	181	727	582.273	0.0500000001436
	823	833	1079.045	4.12031825576
	854	905	434.185	8.37440537304
	599	598	2300.523	4.26000306477
	590	776	1218.981	4.76049824265
	662	667	696.302	5.39486531048
	577	31	4036.437	0.0500003316142
	736	190	3272.391	0.0500001432522
	197	743	662.796	0.0500000002411
	674	128	1467.441	0.0500000057927
	850	852	113.969	3.67000237763
	775	589	1991.806	5.27038328208
	791	787	221.445	5.77312734643
	708	709	378.085	6.96026337422
	579	647	2259.611	3.53504242607
	809	810	325.405	4.17701332882
	596	612	2963.638	4.8342925309
	716	718	2095.434	4.45535987986
	505	504	7046.989	4.23737659628
	479	693	4162.717	2.92537385937
	15	561	8041.248	0.0500052231716
	592	608	3563.314	4.78280895268
	482	481	0.0	0.54
	88	634	4121.244	0.0500003603743
	451	452	3585.616	2.26648142635
	766	220	2652.084	0.0500000618002
	6	552	5801.427	0.0500014150761
	186	732	418.968	0.0500000000385
	140	686	987.507	0.050000001188
	363	909	501.768	0.0500000000792
	837	842	720.583	3.61912461452
	105	651	885.267	0.0500000007673
	595	49	3363.741	0.0500001599303
	562	492	6254.215	0.507139909663
	782	783	434.393	7.02046288662
	84	630	5794.272	0.050001408108
	872	832	63.987	6.29000098853
	163	709	376.137	0.050000000025
	902	356	15406.416	0.0500703796251
	842	844	378.807	3.90237937455
	749	758	2224.16	3.81541055111
	599	432	2975.303	1.36812568414
	342	888	255.33	0.0500000000053
	855	878	171.068	7.99002627563
	572	637	2028.639	6.86947880359
	827	828	416.798	3.99112887714
	783	789	597.866	5.78885666373
	662	449	497.065	2.91166539402
	586	588	2082.264	4.45368253709
	716	717	405.628	4.09006487633
	51	597	1419.57	0.050000005073
	632	571	1347.471	7.85823599634
	876	877	116.928	7.71004270264
	746	738	77.409	8.62000917063
	416	732	67.114	5.28000100429
	706	704	2005.611	4.55211550358
	162	708	578.43	0.0500000001398
	762	422	1278.463	1.21862872385
	451	655	1816.022	2.48647362211
	315	861	77.364	0.05
	627	623	4381.013	5.12166599579
	529	531	10896.98	2.66551392064
	510	658	3512.373	0.402995562607
	632	86	4987.494	0.0500007729831
	914	780	151.915	13.5200675073
	789	787	246.666	6.08357543659
	782	917	119.482	8.24000310988
	638	642	769.288	5.44352826317
	817	818	328.895	4.12004818872
	858	886	95.244	7.67000015148
	623	627	2756.92	4.8757387496
	306	852	191.214	0.0500000000017
	4	550	8500.158	0.0500065215145
	638	815	479.415	5.72283278607
	558	561	4628.941	4.28933779297
	503	502	5720.971	4.2183595996
	901	893	70.381	11.380670155
	835	846	65.236	6.96000373495
	803	805	498.296	5.9545623258
	503	477	2592.455	0.883340145697
	888	342	123.849	0.0500000000003
	624	626	4851.301	4.47518907479
	779	427	4142.317	2.69874367816
	16	562	9270.909	0.0500092284708
	689	687	1057.291	5.02039190514
	899	896	22.485	9.23000566219
	814	816	420.99	3.95047644792
	573	569	5079.578	5.48220630783
	498	533	6039.179	1.78995972353
	436	496	14073.801	1.93488607345
	848	302	93.96	0.0500000000001
	816	814	844.582	3.95771783706
	917	781	210.326	7.44218391658
	850	304	299.781	0.0500000000101
	580	545	3915.387	1.70655767232
	802	256	318.888	0.0500000000129
	58	604	5366.25	0.0500010359149
	616	70	3574.872	0.0500002040246
	461	877	420.196	5.87171560393
	604	587	3922.341	5.094759975
	417	732	216.315	9.84002153579
	487	535	5841.447	4.52310372475
	702	697	1995.603	3.98032113837
	853	849	406.902	6.45067896946
	704	158	4512.951	0.0500005181827
	571	631	2121.523	8.00813673865
	665	843	660.573	3.73665830036
	759	750	296.915	4.09476807547
	247	793	948.825	0.0500000010125
	252	798	595.287	0.0500000001569
	521	666	1290.43	0.59518837419
	21	567	4226.553	0.0500003986445
	469	824	612.098	4.01104240012
	222	768	2587.455	0.0500000559927
	554	8	6688.458	0.0500025000258
	452	451	2129.44	2.19075794615
	536	615	1901.74	1.70638863567
	626	627	4085.837	5.10746469682
	727	181	501.471	0.050000000079
	572	569	3845.672	9.62717019027
	652	645	3163.942	3.82574207256
	565	564	16675.115	2.8120910182
	798	796	268.335	4.39341401222
	470	822	207.127	3.36092763558
	632	633	2694.813	4.53874871055
	739	741	371.177	3.38060146756
	454	838	506.679	1.93023555654
	459	458	2756.713	1.44982044936
	588	584	887.113	6.07441184633
	829	819	1354.82	3.81364677106
	791	245	620.883	0.0500000001856
	446	445	838.273	6.27309477112
	503	504	2003.841	0.520523787917
	465	862	192.091	4.50000612435
	389	390	200.597	4.3410540925
	379	925	1152.0	0.0500000022001
	709	803	301.982	7.69024557367
	581	582	1367.71	6.80112805742
	86	632	4764.033	0.0500006434866
	439	614	4199.168	2.81788320079
	742	740	218.233	3.99026815186
	875	878	211.991	8.17247504449
	880	883	30.888	7.01000095712
	414	735	2805.014	0.573415885507
	502	501	5192.771	4.09902251949
	761	757	629.013	4.70136251905
	554	622	2224.79	7.11986003656
	439	438	5204.526	2.82261724373
	681	623	4668.297	5.50939567175
	515	544	631.662	0.29004614834
	238	784	271.998	0.0500000000068
	822	276	285.327	0.0500000000083
	786	787	245.515	6.96074928595
	618	616	3147.246	3.2062172849
	609	400	0.0	6.72
	799	795	917.669	5.72554932627
	783	919	186.528	9.00032280843
	843	665	995.612	3.76435900654
	767	766	1580.304	3.68281721972
	78	624	6148.296	0.0500017850876
	817	470	775.125	0.780069133993
	555	622	4456.818	5.59574800788
	240	786	305.388	0.0500000000109
	155	701	4022.19	0.0500003269571
	687	677	930.107	4.37011976899
	730	413	2122.46	3.3898340219
	401	402	0.0	1.69
	648	641	762.971	8.48617908898
	250	796	553.014	0.0500000001168
	744	745	2332.644	3.8029873134
	183	729	1080.738	0.0500000017042
	652	106	3004.983	0.0500001018611
	820	830	49.167	4.75006661924
	801	793	214.623	7.03002762273
	716	601	756.858	5.17314162545
	892	886	505.421	6.86655999835
	696	150	1164.843	0.0500000022999
	392	391	1752.16	4.25975818764
	461	462	1567.309	5.4225107027
	597	599	741.418	4.53136826364
	699	538	7334.771	0.497696889918
	783	782	233.67	7.02003875745
	796	800	698.097	5.19669770942
	907	910	85.204	11.0600022383
	639	641	713.8	4.75003543361
	578	580	873.953	6.39429236876
	880	879	16.434	7.78000136196
	914	368	1620.018	0.0500000086044
	448	665	1029.692	1.17131472311
	491	490	6728.936	3.05963895575
	720	721	538.099	6.58032324062
	535	486	9748.505	0.510083713562
	864	318	617.103	0.0500000001812
	686	685	1145.798	3.67874195617
	647	657	3131.095	3.97874716459
	761	215	88.002	0.0500000000001
	808	768	2667.236	3.65646322787
	644	98	6276.105	0.050001938212
	480	481	2942.868	1.43538127793
	913	367	1257.867	0.0500000031274
	921	375	454.581	0.0500000000533
	918	919	216.688	7.89051539793
	9	555	6029.505	0.0500016510762
	866	736	1482.301	6.69213948528
	475	473	2224.379	3.18862540175
	557	624	1277.397	9.48089608894
	859	887	14.394	9.21000000023
	855	309	718.119	0.0500000003322
	922	376	3044.808	0.0500001073693
	745	755	3501.536	5.16838806422
	635	504	6915.294	0.514291596047
	682	488	1998.885	2.93980959623
	487	488	4058.78	2.82259935259
	435	554	3289.403	4.09830696592
	422	423	6201.554	4.21401188676
	677	406	4122.928	3.07018593375
	438	536	5936.316	2.73887125118
	765	763	674.708	4.70035628907
	563	562	0.0	5.61
	631	571	1731.504	7.29712701755
	886	340	254.034	0.0500000000052
	580	579	1482.638	4.25097358897
	81	627	7516.845	0.0500039882544
	803	795	503.456	7.33180834497
	648	653	2691.41	3.99974252011
	377	923	1494.9	0.0500000062386
	637	634	2184.174	5.46512211236
	911	518	184.058	5.26000603425
	601	603	839.085	3.95728153661
	318	864	905.661	0.0500000008404
	332	878	803.934	0.0500000005218
	148	694	5979.555	0.0500015970405
	833	823	1615.374	4.16182513189
	605	607	428.746	5.50174234555
	724	722	936.096	4.46071548376
	670	902	634.38	14.3868822211
	804	806	1349.771	3.9182483924
	590	44	6244.335	0.0500018992636
	580	34	4425.696	0.0500004792551
	397	588	1686.72	3.06526735939
	122	668	1749.357	0.0500000116991
	875	874	222.4	6.81000976197
	669	668	2082.725	4.8393388611
	749	203	1085.04	0.0500000017315
	549	3	7043.427	0.0500030745145
	854	852	141.056	3.8536579539
	446	859	60.498	5.21000000201
	516	903	2505.92	9.00089432803
	521	511	4039.993	3.31947491386
	775	229	2525.994	0.0500000508592
	514	515	2972.216	4.51297293237
	800	796	468.312	3.69210294111
	515	514	3462.066	4.58274124968
	797	799	1005.879	4.21048899392
	712	710	722.452	5.11257788258
	635	89	1931.058	0.0500000173709
	688	683	1121.708	4.19663059304
	738	740	666.657	4.40680745972
	416	417	616.396	5.15074313131
	659	509	3631.043	0.614614375486
	705	635	3614.23	4.3483161459
	767	221	2120.526	0.0500000252589
	574	575	2836.82	4.87072188399
	750	204	1035.774	0.0500000014378
	772	586	3087.071	4.47415663742
	532	531	8421.063	2.34725147619
	585	587	4036.385	4.77224518776
	845	875	199.163	7.14002080363
	853	851	277.588	4.1107230541
	888	861	73.302	9.06000015326
	771	585	3185.597	4.61994817016
	87	633	5379.786	0.0500010464066
	388	802	238.99	4.78014619014
	554	437	5300.249	0.90670025176
	347	893	302.598	0.0500000000105
	821	822	317.977	3.95037857436
	450	449	1472.728	2.00225803887
	615	69	8836.452	0.0500076164423
	895	896	90.329	7.51119994126
	635	634	2823.536	4.10523344762
	689	690	1455.37	4.01793794742
	633	503	1253.638	3.50054007707
	828	827	269.188	3.99019641152
	932	386	22.5	0.05
	132	678	3571.65	0.05000020329
	754	749	1395.808	4.11555627711
	737	735	1843.328	5.30096450449
	653	652	2360.573	4.33872683888
	818	817	387.923	4.12009326065
	808	806	891.549	3.68776659463
	652	525	1992.955	2.5797304816
	291	837	734.427	0.0500000003634
	632	628	3723.52	5.2202112542
	427	428	3476.442	4.01100726969
	325	871	93.852	0.0500000000001
	812	818	170.528	3.89003083924
	224	770	1284.363	0.0500000033993
	706	705	3398.042	4.27247275024
	557	559	3200.539	5.73700901605
	879	880	23.498	7.78000569265
	846	835	164.913	6.96015252992
	455	454	2738.694	3.41163337187
	164	710	2234.574	0.0500000311472
	642	649	607.09	4.29546312183
	831	285	744.381	0.0500000003835
	820	869	380.693	5.66352242877
	214	760	1288.395	0.0500000034422
	563	564	16885.883	2.21866022216
	881	884	92.277	7.09000095198
	913	714	199.934	13.6100217382
	193	739	138.51	0.0500000000005
	17	563	8188.695	0.0500056169331
	793	247	927.774	0.0500000009256
	434	433	4986.042	2.69858029561
	920	738	234.728	8.2407411618
	671	602	1402.478	4.73825346469
	807	711	1453.791	3.24471794911
	707	476	1757.519	2.81660868424
	726	416	234.64	1.54004376231
	543	527	4435.153	5.50547946871
	490	491	7987.938	3.50292931513
	675	606	1437.827	6.42734170507
	922	743	1001.608	11.1758908284
	800	808	0.0	12.39
	611	680	3022.045	4.47241422446
	568	22	4349.628	0.0500004471456
	484	627	6036.395	2.28427204305
	826	638	990.778	4.93704805572
	395	394	2506.302	2.44291712905
	643	644	3745.242	4.96552202949
	89	635	2133.351	0.0500000258756
	894	888	138.757	6.94038589605
	316	862	672.435	0.0500000002554
	699	153	4967.415	0.0500007606104
	873	462	30.222	3.45000008528
	879	876	72.577	8.12003379429
	704	703	3313.905	4.31452808909
	529	528	4911.611	1.49993099753
	269	815	1246.518	0.050000003016
	550	552	1391.235	8.04289418075
	867	864	193.986	8.61036125255
	525	524	4802.433	3.65361998107
	259	805	2746.602	0.0500000710924
	726	727	346.232	6.74005675185
	710	584	1423.093	9.23900932392
	896	891	206.726	8.90887901623
	568	565	14636.241	2.77047477573
	549	550	3445.368	3.39092451753
	684	138	1195.704	0.0500000025535
	741	747	1049.446	3.817699264
	780	785	253.774	8.54013601212
	573	27	5681.178	0.0500013013498
	579	580	2775.65	4.26195897462
	813	267	1660.851	0.0500000095052
	763	217	1287.414	0.0500000034317
	512	511	6343.572	3.06889289354
	394	395	4672.781	2.69690341834
	910	911	361.007	7.03004367763
	869	872	219.646	7.96007114387
	905	907	411.849	7.10004902546
	626	80	9315.693	0.050009408083
	909	906	189.27	11.480436511
	884	881	233.154	7.09003879931
	600	54	602.019	0.0500000001641
	876	330	584.586	0.0500000001459
	551	550	3487.389	5.22786636324
	721	715	442.143	6.62097149424
	829	834	939.879	5.31019643936
	209	755	4015.449	0.0500003247708
	114	660	1932.705	0.0500000174302
	616	599	508.662	5.88072895504
	459	845	13.174	7.72000000218
	504	477	6427.819	1.08627493824
	439	440	5522.642	3.09483204586
	676	671	535.173	3.91059396353
	748	202	833.562	0.0500000006031
	884	338	129.186	0.0500000000003
	835	289	988.596	0.0500000011932
	605	59	3359.718	0.0500001591665
	504	505	4937.346	3.68527468702
	878	332	527.427	0.0500000000967
	699	701	1545.206	3.66500769501
	559	491	8534.329	0.867464783049
	894	348	123.417	0.0500000000003
	900	354	82.854	0.0500000000001
	168	714	237.636	0.050000000004
	542	903	2662.209	6.14380601962
	652	452	2095.017	2.1726116143
	596	441	5372.185	0.789410087765
	517	516	824.981	6.0728104998
	642	96	421.497	0.0500000000394
	695	411	4344.315	1.0828750686
	29	575	13123.116	0.0500370500108
	656	658	1673.953	4.77185334608
	279	825	1221.912	0.0500000027848
	137	683	2113.569	0.0500000249291
	414	731	1151.973	3.29579140825
	811	265	119.736	0.0500000000003
	441	426	2351.02	4.85534138577
	106	652	3473.919	0.0500001819362
	374	920	1368.675	0.0500000043837
	713	712	783.423	4.52183563659
	429	778	2203.772	2.77549015044
	792	788	230.308	3.50009231567
	32	578	7110.585	0.0500031934623
	631	566	1289.147	7.46850046457
	665	119	965.286	0.0500000010846
	495	496	10791.08	3.35363504221
	738	784	689.756	3.54360754544
	127	673	1924.038	0.0500000171197
	608	613	2071.546	4.32896596394
	695	700	1088.424	5.50009525531
	794	793	489.481	6.96039936654
	442	443	659.05	3.59067699738
	703	478	4086.992	2.81302912394
	260	806	1397.52	0.0500000047651
	744	198	1417.068	0.0500000050374
	337	883	64.854	0.05
	158	704	5621.895	0.0500012478759
	779	233	4114.008	0.05000035785
	454	453	2288.743	10.551694029
	595	593	1566.575	4.21522538894
	339	885	97.956	0.0500000000001
	395	584	836.533	3.8818992543
	592	609	1920.502	5.30328178632
	447	849	565.947	1.87011240767
	709	713	243.082	5.92007937142
	845	459	14.499	7.7200000032
	77	623	7198.686	0.0500033546977
	902	661	1285.024	7.97166861564
	464	884	25.799	3.18000001321
	562	493	8341.945	1.28070423001
	798	800	908.438	3.8134667183
	863	862	148.856	8.47062379235
	512	661	2296.667	0.731283439851
	815	471	255.316	3.84003021688
	627	81	9377.361	0.050009659686
	272	818	521.397	0.0500000000923
	275	821	1201.779	0.0500000026058
	688	687	4696.962	4.60077080344
	762	763	1552.895	4.28356504134
	384	930	0.0	0.05
	884	464	55.644	3.18000028581
	426	425	4078.743	1.82358283854
	758	760	1714.704	4.18364537314
	570	571	624.212	6.49182464924
	117	663	741.672	0.050000000378
	517	909	122.337	4.39000377596
	847	839	102.486	6.38000659857
	303	849	1437.147	0.050000005329
	451	654	1198.364	1.81089586967
	807	803	276.948	5.74506519401
	14	560	13287.321	0.0500389394825
	775	425	2262.468	3.26357971784
	121	667	3407.238	0.0500001683644
	532	574	1528.055	2.23291791106
	537	610	8710.076	1.57421102331
	784	738	864.146	3.5781590605
	885	863	142.027	7.05688468403
	754	421	1757.102	3.11557902077
	778	779	516.696	5.18021633234
	615	610	5871.584	4.33310364394
	589	594	1863.078	5.67219869127
	558	560	5140.433	5.67875130284
	718	716	1916.288	4.45374888596
	721	725	908.061	5.51435998574
	905	854	217.797	8.3328115372
	571	637	2013.914	4.56382936048
	383	929	651.6	0.0500000002252
	395	600	1817.084	1.37482033454
	41	587	7262.766	0.0500034757511
	220	766	3954.123	0.0500003053804
	779	778	488.743	5.1801731822
	40	586	1679.994	0.0500000099511
	768	584	1014.599	10.1525813982
	513	905	1101.348	9.13341257582
	544	515	1068.062	0.290377227143
	507	506	5568.096	4.82432422785
	487	682	2704.41	3.34114104724
	398	403	6687.175	3.28409052395
	522	511	747.952	4.70035302382
	75	621	2416.707	0.0500000426124
	776	775	2738.738	4.63311051697
	701	155	2131.362	0.0500000257792
	734	413	3317.173	0.69611446108
	694	692	1161.016	5.17153986931
	631	559	3855.062	6.42334529439
	868	871	139.746	8.29001214069
	717	171	686.547	0.0500000002775
	628	82	5955.516	0.0500015715133
	557	11	7425.198	0.05000379728
	474	706	3674.854	2.89662756554
	815	269	1094.985	0.0500000017959
	493	562	8661.721	1.28406614661
	862	316	437.346	0.0500000000457
	649	648	804.746	4.48347952179
	640	638	338.943	6.63259266514
	266	812	122.688	0.0500000000003
	828	826	857.255	3.95994837876
	640	94	321.435	0.0500000000133
	36	582	5490.783	0.050001135475
	261	807	1151.685	0.0500000021977
	618	552	3287.538	4.461670165
	886	892	541.91	6.88796478239
	196	742	653.949	0.0500000002285
	819	469	1321.981	0.341923029784
	685	683	3135.457	3.94123385372
	156	702	3912.93	0.0500002928524
	719	173	380.007	0.050000000026
	617	595	748.452	4.68373864716
	304	850	589.887	0.0500000001513
	552	553	3503.957	4.57975219983
	629	633	789.677	4.89022008633
	515	534	2471.256	1.67002275215
	710	164	1312.353	0.0500000037055
	486	627	6761.181	2.60983520484
	474	701	1016.296	1.73184478624
	748	747	1177.363	4.53608370908
	921	739	318.447	5.8405630316
	910	888	69.022	7.51000159794
	750	746	487.585	4.84256459024
	638	640	890.034	6.75327248211
	805	803	376.164	5.91771952968
	618	434	2568.128	4.12409718054
	851	850	389.267	4.80011016678
	483	539	4671.018	3.71045354811
	500	499	7355.951	4.83565237024
	635	705	2930.505	4.28113882384
	790	788	278.09	3.38059894151
	552	619	1957.796	4.80129869696
	35	581	4631.049	0.0500005745899
	31	577	7054.974	0.0500030947255
	456	455	2852.787	2.87875583741
	730	184	1157.319	0.0500000022411
	575	29	11847.789	0.050024614426
	257	803	1358.37	0.0500000042532
	753	421	1671.865	1.00885000152
	645	99	4124.907	0.0500003616572
	822	821	343.696	3.9505167331
	762	764	715.987	7.30559428639
	864	865	732.775	6.74071085934
	917	916	120.339	7.64024033123
	483	481	2948.144	1.68060105466
	679	133	7794.234	0.0500046103535
	310	856	91.764	0.0500000000001
	637	91	7435.593	0.0500038185889
	22	568	3033.738	0.0500001058163
	421	420	2048.114	3.30389388323
	524	647	3210.681	1.60752239478
	793	794	511.071	6.96047462791
	676	607	368.401	7.17370446742
	709	163	236.754	0.0500000000039
	888	887	92.545	7.89001714806
	26	572	11643.147	0.0500229573624
	425	424	2917.928	3.36758873267
	490	557	3007.786	3.6605169345
	729	183	852.372	0.0500000006594
	423	764	1846.696	1.64670462562
	500	501	5295.277	4.29119770618
	786	785	316.071	7.03004110979
	403	404	7151.168	3.97641283207
	479	480	7609.676	1.69194303273
	453	454	2066.179	10.4570946194
	524	525	2615.588	3.27639431894
	661	512	1832.416	0.641304953995
	654	662	1841.59	4.36200804456
	432	595	1530.85	3.16634832045
	683	688	2804.521	4.44910028452
	874	873	13.914	7.70000000271
	770	772	2296.934	4.06847947334
	596	595	3069.778	4.45305319829
	416	726	197.218	1.54002184129
	688	678	2011.344	4.18324315649
	74	620	2378.448	0.0500000399775
	419	739	295.358	5.07114321822
	926	417	435.6	6.29022637122
	817	811	707.795	3.87372968497
	799	797	508.385	3.68657253263
	849	303	1326.159	0.0500000038639
	838	833	564.007	4.51427844344
	737	866	1403.734	5.55510811929
	641	646	1604.744	3.90161579682
	492	562	8780.622	0.556591443194
	798	252	459.702	0.0500000000558
	765	764	1706.823	4.28605470593
	637	572	2511.974	7.43616934598
	839	840	544.311	3.90320940354
	404	405	8444.699	2.33155496684
	667	509	1847.307	5.06411428633
	500	566	5325.083	2.35532572927
	735	734	1056.743	3.91178359185
	437	436	7395.376	5.29107256761
	67	613	3472.731	0.0500001816875
	511	510	6280.942	0.412055100264
	319	865	893.898	0.0500000007976
	480	486	6959.837	2.43024889763
	841	295	603.567	0.0500000001658
	717	719	723.407	3.93164620648
	763	762	1468.04	4.2647303134
	891	897	778.779	5.69136087531
	866	737	1750.295	5.83160790357
	682	406	1948.214	2.51536104153
	788	792	506.841	3.50216534089
	919	783	525.881	9.02039476252
	764	765	671.217	4.25086230281
	891	899	33.803	7.18000140617
	660	661	1006.029	4.61113332421
	932	515	19.8	5.93000000022
	472	473	6062.336	2.31729545332
	679	610	4316.466	4.90914561003
	645	578	2119.797	5.863671596
	611	610	5436.688	4.00383206797
	749	750	504.798	5.32323857091
	364	910	460.953	0.0500000000564
	863	885	196.988	7.0754776544
	719	723	777.833	3.96355544657
	813	701	1638.515	4.72934822602
	580	578	965.165	6.40125975041
	834	829	902.171	5.31016676165
	920	740	512.99	7.5949277498
	910	364	195.3	0.0500000000018
	650	655	1309.29	4.96688292947
	680	404	2036.124	1.27357817119
	516	906	1703.7	1.6215796969
	573	572	5095.044	5.18804243294
	774	769	294.769	5.2159000571
	673	674	1180.033	3.83742325648
	547	1	3176.235	0.0500001271426
	290	836	769.212	0.0500000004373
	918	917	85.097	8.14102445443
	796	797	834.571	3.84051182667
	760	769	1274.094	5.0229827713
	868	869	154.431	7.02003743228
	925	379	1271.7	0.0500000032672
	507	646	2051.22	2.30204916336
	669	123	4111.137	0.0500003568521
	94	640	423.918	0.0500000000403
	283	829	1814.112	0.05000001353
	551	549	4422.195	4.21418406207
	726	720	93.85	7.07000101569
	153	699	3989.52	0.0500003164631
	612	66	4007.727	0.0500003222797
	656	579	2196.906	6.91599975984
	381	927	1712.7	0.0500000107489
	438	540	5031.898	2.75660323313
	210	756	5509.008	0.0500011506257
	907	854	474.116	5.97030153092
	816	471	1951.714	0.626390823918
	546	526	969.957	3.23285779802
	796	798	589.134	4.46932537409
	79	625	3454.497	0.0500001779016
	412	411	4415.954	3.76771929488
	464	883	72.653	3.92000102393
	408	694	3173.803	4.11712119453
	752	743	180.409	6.5102043337
	734	188	3022.632	0.0500001042753
	569	565	2778.705	6.58281322395
	476	707	802.242	2.79115516724
	305	851	1240.551	0.0500000029587
	539	483	6562.242	4.81205541884
	620	598	1339.589	3.96271459315
	809	814	974.049	3.72282414303
	861	854	11.942	9.03000044077
	52	598	1837.152	0.0500000142305
	313	859	201.438	0.0500000000021
	701	699	4854.173	4.14770064307
	83	629	3865.419	0.050000278886
	565	569	0.0	6.55
	865	866	686.732	7.25419494179
	308	854	300.852	0.0500000000102
	914	793	519.603	8.70594534592
	761	770	1832.227	5.09557706063
	594	48	6163.164	0.0500018024174
	594	596	2324.555	4.8803493892
	753	751	594.346	4.36001992394
	764	423	1729.245	1.40476415441
	800	757	2077.102	3.83788259647
	893	347	134.631	0.0500000000004
	908	362	1869.948	0.0500000152742
	833	834	1067.413	4.89007833807
	718	719	485.239	3.76101864962
	59	605	4703.22	0.0500006112539
	731	414	1462.224	3.30503386379
	585	586	965.111	4.01644257785
	413	412	4415.954	3.60210525994
	852	854	211.58	3.86851699129
	524	545	4772.845	4.97048163394
	871	868	226.133	8.29008324181
	630	626	4243.543	4.33435220716
	569	23	13843.134	0.0500458752199
	847	857	51.178	8.29000005685
	891	890	73.925	7.52003368794
	674	672	823.582	4.00720963094
	748	750	368.87	4.92003331959
	589	43	5824.692	0.0500014379121
	398	397	4594.357	2.61236097641
	824	834	1223.501	5.01025667068
	721	720	223.184	6.58000956598
	862	863	175.474	8.47120455261
	697	809	944.584	3.96207509788
	440	439	6694.242	3.74937530652
	178	724	2309.427	0.0500000355351
	698	152	2425.077	0.0500000432059
	653	655	798.274	4.81750039677
	836	835	305.205	3.73000374595
	192	738	1121.463	0.050000001976
	773	424	1447.582	2.15626325657
	597	431	678.152	2.91036062221
	690	410	1945.796	3.28972520969
	376	922	5005.161	0.0500007839939
	654	451	1001.822	1.81043757457
	729	727	157.859	5.7105318691
	557	558	4654.239	4.43934391139
	592	590	1524.688	4.28034694366
	742	196	543.087	0.0500000001087
	685	139	1126.917	0.0500000020147
	680	611	3519.502	4.58358794906
	771	776	2189.118	4.24393194781
	276	822	492.435	0.0500000000735
	787	786	266.351	6.96103789349
	913	801	79.917	24.9200010161
	812	810	142.131	4.01000163576
	435	436	6678.425	2.83666084918
	758	749	561.031	3.65066964795
	382	928	1399.5	0.0500000047922
	444	443	799.022	4.45181306779
	728	684	1685.951	3.94157734646
	541	526	2459.125	0.456084004205
	617	619	4562.785	3.37797187382
	195	741	809.01	0.0500000005351
	43	589	4731.876	0.0500006262877
	619	73	10857.483	0.050017360295
	324	870	182.169	0.0500000000014
	485	626	7431.869	2.11066472167
	921	743	273.252	8.94019139128
	824	278	898.632	0.0500000008146
	735	414	3068.326	0.587843048227
	909	517	307.908	4.39015152338
	774	228	1770.444	0.0500000122735
	752	206	325.845	0.0500000000141
	551	495	3134.563	4.71828654817
	477	476	2560.399	3.74826623612
	714	720	52.459	6.95000005261
	543	903	982.317	1.40130302803
	649	825	836.334	4.06812856564
	698	810	124.069	4.67001037388
	630	557	3417.384	3.7646967718
	564	563	18205.563	2.2462861121
	783	784	435.363	4.94017739938
	603	672	1609.673	4.01791055712
	838	837	578.449	3.79078578864
	550	553	2927.088	4.20763932818
	609	399	3528.502	0.888522033614
	903	357	8600.607	0.050006835289
	591	608	2380.163	5.38746204238
	548	618	3564.03	3.54692491079
	746	750	965.092	4.87936330003
	788	789	100.024	4.39000411958
	703	705	1360.394	4.19431047979
	660	582	2844.539	6.26480789863
	881	880	34.736	7.80000004361
	769	760	741.566	3.76330256206
	923	418	1494.9	8.99076306953
	287	833	3163.662	0.0500001251413
	587	585	1742.904	4.63494494101
	786	240	169.281	0.050000000001
	473	707	564.118	4.45668614453
	549	551	6987.692	4.23608444368
	575	580	699.552	6.05084895893
	697	702	2242.934	3.98647012841
	64	610	8193.879	0.0500056311702
	610	611	2333.696	3.73929659243
	644	637	4669.831	5.00246267366
	177	723	378.657	0.0500000000257
	770	769	854.249	3.79775011864
	415	416	673.181	5.67116393718
	579	656	1398.377	6.67694797423
	890	891	177.068	7.52110884139
	796	250	797.193	0.0500000005045
	380	926	435.6	0.050000000045
	750	759	1020.749	4.7560248288
	709	391	1406.554	0.533841561146
	905	906	1072.575	9.7037242383
	530	575	5078.001	3.17725313584
	736	734	2362.912	4.91651079211
	584	38	2182.842	0.0500000283615
	867	870	64.5	6.87000352307
	781	786	360.095	6.76043646185
	387	933	5253.3	0.0500009514134
	883	882	14.324	7.70000004862
	448	449	3297.06	3.37302345967
	752	420	2127.198	1.74370113726
	826	828	493.401	3.94218911007
	752	754	1441.265	3.83927016181
	93	639	3927.474	0.0500002972308
	428	431	5582.41	1.28239937812
	493	494	7832.081	2.94826296328
	928	463	1399.5	16.0211988949
	205	751	1836.207	0.0500000142013
	614	554	2968.984	5.43145428086
	764	773	1470.164	4.16572888207
	616	598	837.699	4.51852824669
	539	694	7292.277	1.04078045586
	466	465	1666.341	5.78423708432
	851	305	664.02	0.0500000002429
	861	910	50.829	9.61000190062
	926	380	333.9	0.0500000000155
	715	721	609.542	6.62350916474
	856	857	81.79	7.62000063148
	749	747	301.806	3.85029946322
	424	423	3011.967	3.49774951631
	929	442	651.6	6.31113703215
	799	805	2847.304	3.6273857167
	903	543	1385.097	1.40515071917
	108	654	3392.19	0.0500001654098
	545	524	2625.043	4.47037084059
	788	242	241.92	0.0500000000043
	725	721	199.877	5.50003370895
	823	824	909.886	3.97538144265
	563	17	20012.958	0.0502003944103
	903	516	1717.104	8.96901531004
	576	578	1208.741	6.46688011046
	841	453	767.775	2.714266165
	592	587	1691.481	5.37369386155
	104	650	2790.162	0.0500000757109
	890	344	45.981	0.05
	771	769	409.017	4.54119122162
	311	857	95.175	0.0500000000001
	832	830	64.125	4.11016678715
	801	389	123.966	9.58000868775
	618	548	2677.173	3.52857224578
	420	419	1962.298	4.48590664577
	933	534	5253.3	10.4972650764
	477	478	7741.626	3.29363724138
	145	691	6472.206	0.0500021920467
	182	728	2049.309	0.0500000220328
	788	783	337.644	5.53212954833
	734	736	1607.079	4.88781231899
	712	713	370.872	4.29214594229
	641	648	476.828	5.26063618074
	880	334	66.114	0.05
	405	404	7554.911	1.87095235102
	25	571	5393.889	0.0500010574224
	268	814	1776.042	0.0500000124295
	850	854	369.217	3.38024119854
	601	716	688.658	5.17215333288
	591	589	3301.387	3.74146482138
	790	791	291.561	4.62031299037
	600	602	2748.285	3.34192155772
	849	853	187.562	6.45003065281
	107	653	3267.873	0.0500001424627
	628	631	1363.093	6.55190012023
	608	62	3226.491	0.0500001353824
	770	224	1137.654	0.0500000020926
	405	488	6084.867	1.34230507644
	447	848	233.363	5.59000971384
	604	606	2447.718	3.84311853135
	562	563	0.0	5.61
	742	748	1116.677	3.76233125399
	572	573	4168.082	5.03452723415
	823	277	999.315	0.0500000012458
	281	827	322.92	0.0500000000136
	701	813	469.924	4.43202528202
	389	801	112.977	9.58000599317
	678	673	2004.228	3.69460356785
	825	649	1082.145	4.17293426433
	912	366	66.663	0.05
	914	785	153.786	9.24001984588
	729	728	952.205	4.00078921088
	782	781	144.09	6.7600053962
	406	405	3932.296	2.67518326834
	872	830	90.781	5.9600007496
	355	901	192.753	0.0500000000017
	458	457	2442.81	1.55339112813
	641	639	2096.634	4.75263754369
	509	667	1065.034	5.05155939634
	530	523	3790.708	2.35100450059
	641	95	2248.749	0.0500000319451
	721	723	348.004	5.42190215132
	832	286	182.313	0.0500000000014
	602	56	1997.901	0.0500000199038
	399	609	6883.757	1.00344795377
	540	622	1403.993	1.76259227092
	681	679	4045.893	5.42634562094
	607	602	1362.028	4.55887011973
	587	592	2891.95	5.40156277927
	748	742	612.631	3.74202301313
	556	624	851.18	10.0106760586
	562	16	20142.558	0.0502056359108
	72	618	6566.994	0.0500023233088
	787	241	587.637	0.050000000149
	856	855	144.126	7.41000187344
	556	496	4878.929	3.95330899211
	165	711	415.602	0.0500000000373
	702	701	2982.176	4.48477494707
	687	141	3844.665	0.0500002729446
	730	686	990.522	4.47457873978
	866	865	419.772	7.05269506742
	438	437	6534.942	5.95208486265
	634	502	2024.798	5.85728623057
	769	771	1289.989	4.65786128107
	711	165	220.401	0.0500000000029
	493	564	15909.756	1.66784745519
	763	758	393.415	4.07001598227
	92	638	1571.85	0.0500000076258
	638	92	1107.828	0.0500000018816
	897	443	486.995	1.47549009266
	883	337	33.84	0.05
	718	722	1772.2	3.93355600477
	865	319	556.479	0.0500000001198
	862	889	85.001	7.50093965547
	571	634	740.837	6.317791087
	802	388	662.984	4.78865787604
	806	807	257.645	5.86024207825
	919	784	351.055	7.35042866617
	8	554	8327.07	0.0500060063319
	398	400	3001.714	2.12439453138
	19	565	2362.149	0.0500000388928
	843	841	284.566	4.24578389144
	763	765	2445.729	4.7615137771
	694	693	3989.877	4.67675554288
	589	775	818.229	4.97855435136
	665	663	235.558	4.29012382833
	634	505	2204.366	1.48404466716
	636	90	1986.048	0.0500000194357
	680	488	2125.582	3.20280865857
	467	855	299.948	5.88018276475
	764	218	1793.7	0.0500000129312
	561	558	1896.545	4.26082671052
	468	469	2861.164	3.11560184236
	632	636	2776.261	5.12128018062
	712	584	749.589	7.50213939218
	806	808	895.241	3.68889610152
	726	913	179.55	9.3800057121
	723	721	149.502	5.41040539327
	733	415	500.895	3.01018939668
	431	428	3125.587	1.06382160113
	161	707	1585.62	0.0500000078965
	449	448	1924.215	3.29079193867
	248	794	340.191	0.0500000000167
	556	437	1818.127	7.22596979884
	812	811	481.983	3.84079577324
	725	729	674.983	4.39033333204
	288	834	4770.954	0.0500006472341
	714	913	134.065	13.6100043948
	273	819	1305.864	0.0500000036327
	808	584	631.161	14.6924110604
	390	389	128.218	4.34017594502
	559	13	9349.227	0.0500095442825
	507	578	72.027	8.09000645143
	664	669	2973.948	3.88923854461
	810	698	183.285	4.67004940784
	455	833	944.94	2.70398645566
	794	802	211.32	7.41002736446
	691	145	5690.637	0.0500013100383
	598	52	2331.045	0.0500000368844
	160	706	4571.883	0.0500005457841
	464	465	1436.847	7.24071824844
	794	795	755.36	7.03134098077
	668	122	1670.607	0.0500000097306
	556	10	9487.998	0.0500101236892
	622	625	667.693	4.80366336131
	588	586	934.116	4.44055414921
	531	529	8511.897	1.75814969938
	743	419	341.284	1.44057883186
	400	398	4450.952	2.17958761162
	913	864	0.0	23.35
	593	429	472.494	2.3900100097
	446	447	1567.175	5.81485113291
	478	479	9068.329	5.08116162614
	42	588	1908.63	0.0500000165778
	552	618	3813.48	4.56028598298
	581	580	117.495	9.79027986687
	470	469	2357.67	2.81431673834
	434	618	1770.201	4.12092492978
	436	437	7151.812	5.01386572708
	675	677	1961.719	4.02166947497
	670	519	989.096	3.16817440198
	400	609	0.0	6.72
	792	746	1148.104	5.01728775523
	483	480	6441.994	2.37438732906
	404	675	1633.649	3.14366610715
	646	641	2311.847	3.9069598529
	463	928	1555.2	16.0533247766
	409	410	3678.275	4.1026555621
	820	274	58.392	0.05
	671	673	2607.174	4.05743636701
	448	664	1848.692	2.81245802759
	201	747	1007.343	0.0500000012863
	553	552	3761.061	4.5862193492
	531	573	1188.742	3.42682646105
	730	731	116.252	4.49000151864
	859	446	73.797	5.21000000444
	658	661	1702.716	3.63353152065
	793	785	138.078	6.96000148238
	591	45	4814.253	0.0500006710519
	45	591	5614.371	0.0500012412089
	753	207	2171.736	0.0500000277887
	860	888	41.568	8.33000002486
	814	702	964.18	4.55393063714
	870	871	122.597	7.7800002881
	437	438	6394.626	5.80139224679
	577	573	5099.121	5.18893344808
	574	28	9352.935	0.050009559433
	190	736	4442.157	0.0500004864252
	729	731	868.709	4.30143488479
	648	102	2409.147	0.0500000420817
	672	603	1080.002	3.82821268465
	667	666	1198.732	4.77059527031
	864	732	195.881	7.94000684922
	392	393	3918.48	3.15093818358
	212	758	451.908	0.0500000000521
	124	670	1620.765	0.0500000086203
	133	679	4672.908	0.0500005956476
	733	865	350.284	6.95002511177
	407	408	4864.604	3.68680195452
	635	640	410.411	3.65549061329
	454	840	575.814	2.45049877101
	567	499	4895.923	1.56550698788
	679	680	867.396	3.40192383428
	781	782	230.016	6.7600350417
	880	877	210.405	7.79014313075
	119	665	1150.983	0.0500000021924
	399	537	6079.789	5.68348908624
	596	613	299.07	6.20692838121
	644	506	4634.678	2.87680668599
	623	681	3715.742	4.79140519172
	535	438	5529.372	8.81174593286
	735	737	1822.581	5.29605251013
	669	664	3019.806	3.89234653026
	730	728	2149.13	4.26913455687
	698	736	1356.105	4.32534439095
	82	628	5188.689	0.0500009054637
	615	622	4276.325	6.01560317807
	488	487	5833.645	3.3865752197
	785	239	485.334	0.0500000000693
	719	717	638.04	3.91915060309
	203	749	1390.311	0.0500000046675
	661	658	1693.169	3.63345298042
	513	514	3962.001	5.62402490006
	919	920	589.843	6.88154219893
	533	569	1921.985	2.98975949805
	715	391	232.871	6.36003463578
	775	773	991.997	3.41068523204
	10	556	12441.285	0.0500299296352
	893	901	29.33	11.3800202116
	593	47	4546.728	0.050000533871
	459	460	1843.108	4.71375367176
	540	583	6423.129	2.32514686009
	99	645	4074.444	0.0500003442817
	676	130	1693.197	0.0500000102676
	460	872	321.987	5.86006296077
	856	846	144.957	7.52009837864
	727	729	430.149	5.73932263792
	284	830	417.177	0.0500000000378
	508	450	1961.732	3.81350683343
	578	524	1333.857	4.67242322907
	611	609	923.372	3.81512906284
	659	658	0.0	5.56
	631	85	9876.069	0.0500118843909
	499	498	5132.02	1.5630845023
	857	858	104.088	7.46000162161
	599	616	721.73	5.8829544905
	644	643	3403.542	4.95422717003
	20	566	6937.155	0.0500028931174
	211	757	1892.052	0.0500000160093
	613	440	2093.673	2.21866049229
	392	713	1082.793	1.26650220114
	400	587	1259.462	6.19415464559
	918	783	251.712	10.0761518101
	417	913	515.537	3.45024360014
	534	543	3056.256	3.59867288442
	796	790	844.668	3.99899321629
	525	652	1595.912	2.57400110664
	564	493	13853.58	1.54123316542
	602	600	3363.844	3.36920029753
	546	527	0.0	4.24
	428	429	1731.278	0.787004561063
	232	778	3526.686	0.0500001932447
	853	860	144.191	5.77000957767
	494	561	4490.284	1.00609798707
	427	779	1497.605	2.65083278731
	613	591	1850.497	3.79063791664
	819	273	1096.992	0.0500000018091
	889	862	159.39	7.51161760985
	746	748	785.97	4.67667174548
	899	353	117.621	0.0500000000002
	402	401	0.0	1.69
	504	503	5034.751	0.540874420606
	808	262	681.471	0.0500000002694
	455	456	2908.067	2.89301918542
	39	585	6064.074	0.0500016892675
	721	175	470.538	0.0500000000612
	557	630	3394.24	3.76430266651
	514	513	4637.575	5.89948064165
	565	568	8289.008	2.15102967785
	515	516	281.591	5.77000870687
	647	579	2334.375	3.53713427207
	554	614	2811.221	5.35465132984
	815	638	768.99	5.73875210707
	738	746	545.226	8.64257042409
	416	415	1446.473	5.69481095417
	700	154	6637.365	0.050002424506
	578	643	5345.484	3.81238482073
	818	812	237.302	3.8901156449
	874	328	737.703	0.05000000037
	602	607	1866.482	4.63181216351
	581	35	3626.964	0.050000216179
	595	617	1798.821	5.12839508567
	532	533	8376.208	2.13460375819
	719	718	704.085	3.86749929115
	410	411	3843.264	3.31318322002
	746	200	1462.761	0.0500000057192
	728	730	1933.556	4.23840128221
	704	539	4243.698	5.25984721268
	601	394	671.589	2.60440461824
	911	910	270.059	7.03001367827
	459	832	201.358	1.27001957269
	598	616	783.231	4.5165172929
	424	773	1171.147	1.66684301351
	745	199	1660.275	0.0500000094921
	551	5	13821.426	0.0500455881406
	677	678	1615.77	4.53506123922
	578	576	2036.295	7.36193509493
	647	101	2508.489	0.050000049464
	403	611	1891.887	2.85573724582
	480	479	6922.381	1.57470282298
	780	914	519.98	13.5292660476
	591	441	4988.91	3.41871761723
	144	690	2771.604	0.0500000737166
	808	804	760.593	3.44442078062
	879	333	28.584	0.05
	578	507	168.334	8.09019246959
	189	735	3242.916	0.0500001381603
	388	391	1762.678	6.03770483481
	468	830	238.574	2.85003545427
	838	828	531.502	4.32524436739
	867	868	323.713	7.39008111554
	629	484	1942.33	3.65601272296
	816	270	643.401	0.0500000002141
	409	539	6770.087	4.30196352069
	855	466	164.367	1.67000029254
	832	459	284.215	1.27007768962
	581	575	5531.936	4.13143225826
	802	803	304.869	6.96023088384
	592	591	3810.636	4.76934237666
	803	709	1006.272	7.7202774376
	559	566	3810.485	4.62577545913
	481	480	2974.454	1.43648862299
	638	826	293.997	4.80106252475
	727	726	121.403	6.74000085788
	460	459	2598.442	4.87235236773
	460	461	1809.265	6.36747895661
	434	435	5479.97	3.73445005392
	564	565	9761.287	2.23657044933
	818	820	21.408	4.26000002651
	914	389	313.574	3.96014702344
	692	682	2655.559	4.00728475788
	336	882	51.525	0.05
	591	613	4702.231	4.22352579471
	831	836	592.649	3.74809720727
	152	698	2215.26	0.0500000300843
	619	552	1972.837	4.80133906881
	803	257	1058.949	0.0500000015709
	787	791	329.008	5.90141688675
	670	854	20.68	10.3100045256
	807	806	431.307	5.86190114359
	872	871	36.714	6.94000011821
	668	850	543.317	3.84012240118
	906	909	49.5	11.4800020422
	778	232	3150.468	0.0500001230668
	569	570	1179.76	5.59024757552
	660	114	1376.307	0.0500000044823
	855	856	126.193	7.41000110106
	829	283	1354.617	0.0500000042064
	866	320	2230.479	0.0500000309195
	568	574	4093.519	3.08138317466
	423	424	6114.947	4.58100219194
	578	32	4526.604	0.0500005244819
	669	851	387.893	4.62001714471
	567	566	786.11	5.43049767332
	103	649	1568.817	0.0500000075671
	781	917	70.722	7.44002791787
	561	494	6803.771	1.03214326659
	12	558	6287.202	0.0500019519564
	417	926	333.9	6.29007815116
	860	853	373.516	5.77043126467
	861	315	30.294	0.05
	606	604	4135.966	4.79517762626
	120	666	1356.633	0.0500000042315
	819	820	365.168	3.52185455509
	740	739	1154.723	4.1785053301
	709	708	215.977	6.96002804436
	782	918	15.642	9.50000136491
	496	556	4034.573	3.8237759521
	394	584	592.768	6.44267404604
	655	650	890.074	4.94574166235
	115	661	3639.249	0.0500002191228
	545	580	3672.47	1.65987316763
	263	809	857.115	0.0500000006742
	510	509	6389.375	4.53595453112
	501	502	3355.811	3.59622497604
	326	872	111.24	0.0500000000002
	821	275	957.105	0.0500000010483
	837	839	52.732	4.94000014667
	844	298	426.285	0.0500000000413
	579	33	3022.974	0.0500001043225
	575	581	3069.145	4.12108316113
	664	448	1728.876	2.80482671505
	737	736	1108.243	4.67059196319
	253	799	1270.926	0.0500000032593
	537	399	4398.144	4.66435522457
	600	395	1982.166	1.38098544001
	770	768	285.179	6.33124050952
	553	560	4192.063	4.0281229857
	666	668	214.422	4.18001636289
	512	513	5267.346	4.41910827008
	394	393	2941.906	3.48148264119
	300	846	367.776	0.0500000000229
	688	690	976.652	5.3211616686
	889	895	56.773	8.59021417648
	694	539	2394.22	0.624889440309
	733	732	100.243	6.82000127528
	563	494	5289.718	2.35736385371
	285	831	600.282	0.0500000001622
	406	682	3351.082	3.02215348113
	928	382	1555.2	0.0500000073078
	907	861	68.408	6.57000426304
	625	555	4614.764	1.58323602044
	918	372	205.938	0.0500000000022
	593	431	1585.437	1.27470165731
	853	852	195.896	3.49004818357
	545	523	5239.079	0.141697628878
	811	812	347.481	3.84021497438
	493	497	7782.864	2.53813240048
	135	681	4931.775	0.0500007390154
	608	591	2167.527	5.33517219628
	576	572	5845.511	4.34091420506
	813	814	807.868	3.76018536841
	648	649	962.401	4.48711718929
	594	427	1831.019	1.43100416838
	696	698	1202.835	4.31216527339
	743	751	755.06	6.11367767464
	590	592	4351.175	4.30301236375
	770	761	403.634	3.82300428101
	666	667	1040.09	4.73134531385
	790	244	1698.453	0.0500000103957
	484	485	6339.874	4.52401244132
	888	910	65.061	7.51000126152
	774	773	2196.394	4.10522647343
	314	860	448.983	0.0500000000508
	760	761	637.114	3.63229671149
	846	847	65.931	7.67000014487
	622	623	3513.967	5.78509174036
	267	813	2883.681	0.0500000863832
	391	715	391.026	6.36027535052
	803	802	234.775	6.96008119847
	608	609	2152.617	4.42797493523
	437	556	1734.918	7.21811461608
	851	853	109.716	4.11001764607
	707	638	681.351	4.12340966751
	270	816	939.843	0.0500000009747
	903	542	5400.258	6.20444073269
	229	775	2117.7	0.0500000251245
	736	737	1169.566	4.67073426639
	870	867	124.507	6.8700489168
	723	719	659.313	3.95699737144
	567	21	4463.145	0.0500004956835
	833	287	2779.407	0.0500000745502
	609	592	1384.497	5.11110986218
	639	505	3798.33	2.47830051595
	867	321	197.802	0.0500000000019
	333	879	73.089	0.05
	774	765	1143.281	4.0107929441
	766	756	2274.816	4.84086851127
	277	823	1298.115	0.0500000035473
	607	606	3749.15	4.8977438417
	834	288	4503.303	0.0500005137657
	537	536	6195.004	4.3717739457
	560	553	3042.125	3.98611925378
	866	810	409.988	6.49070414241
	495	494	12223.12	4.24402209546
	57	603	1482.165	0.0500000060287
	782	787	417.793	7.12021684215
	525	452	2863.346	2.35742782135
	576	637	2104.953	5.8667189035
	169	715	503.181	0.0500000000801
	528	575	5477.759	1.3442433059
	456	836	792.472	2.41015580925
	423	767	763.269	4.2877121581
	286	832	272.493	0.0500000000069
	683	685	2877.012	3.87973620395
	552	548	1650.153	4.55165232148
	749	754	1660.387	4.13114872224
	917	371	208.989	0.0500000000024
	693	479	2331.397	1.98285585594
	790	796	1678.799	4.27638017891
	653	646	3076.118	4.27559807029
	610	615	6032.697	4.34946876491
	666	120	1368.648	0.0500000043834
	136	682	5752.098	0.0500013675574
	620	74	3328.173	0.0500001532724
	777	424	640.041	3.81364085691
	908	517	592.063	2.55120321459
	23	569	11401.047	0.050021106655
	839	293	333.423	0.0500000000154
	506	507	4210.612	4.21571830218
	789	783	371.358	5.69620357081
	769	770	458.883	3.79064532473
	765	219	3537.396	0.0500001956029
	863	856	134.196	7.07002149557
	569	499	9506.624	2.43642452136
	418	923	1365.3	8.98748858803
	469	468	1911.17	2.95894029269
	556	557	4792.375	6.1823993259
	293	839	561.42	0.0500000001241
	526	527	3432.725	6.84416047029
	225	771	966.465	0.0500000010899
	443	897	979.118	4.16744259769
	426	427	3918.811	1.37167325347
	533	568	4062.176	1.34234111254
	489	630	1721.444	2.70352477471
	723	177	196.326	0.0500000000019
	743	745	200.117	7.6201145677
	731	730	236.21	4.49002588485
	413	730	2417.964	3.41709581352
	700	695	636.523	5.50001114174
	848	847	86.985	7.6200001047
	893	898	253.173	7.48028809945
	68	614	5874.075	0.0500014872994
	460	875	427.099	2.21007350647
	854	907	245.054	5.97002151992
	421	753	2229.282	1.15765024862
	560	495	7452.47	1.1211456454
	465	881	322.114	2.48002668758
	475	707	719.213	1.74046537007
	523	522	747.952	7.31054906471
	574	532	3119.129	2.28065816462
	512	670	117.756	7.48001348357
	623	624	2067.397	6.26960965271
	758	759	549.486	4.71673738267
	465	464	1572.209	7.25403474224
	237	783	736.623	0.0500000003678
	690	688	1452.241	5.32567907558
	334	880	158.508	0.0500000000008
	653	648	1753.222	3.95895686408
	650	648	1367.276	4.00393852248
	262	808	1271.439	0.0500000032645
	566	500	4829.899	2.18229704222
	447	446	899.667	5.78378507146
	586	40	942.696	0.0500000009866
	510	511	5885.53	0.386392254479
	134	680	3020.985	0.0500001040482
	255	801	273.024	0.0500000000069
	437	554	5280.21	0.902388992735
	180	726	268.551	0.0500000000065
	878	881	183.182	7.94000327034
	356	902	12381.741	0.0500293607624
	904	544	2611.742	3.28629240052
	564	18	16020.99	0.0500822996266
	620	621	2543.077	2.81215513981
	406	677	2567.533	2.16095348059
	698	696	1633.615	4.31736694389
	141	687	4764.096	0.0500006435206
	532	569	4339.065	3.20096772951
	7	553	8895.852	0.0500078233122
	592	46	5978.727	0.0500015961561
	455	835	607.841	2.85072046197
	661	660	971.846	4.6109869655
	617	433	1970.111	1.50041615094
	420	751	1075.773	2.57637414478
	448	447	1061.674	3.98505436825
	473	472	2653.457	1.77082080454
	895	349	59.634	0.05
	650	104	1943.595	0.0500000178264
	501	636	5749.498	0.731058524576
	930	384	0.0	0.05
	618	72	8426.835	0.050006299389
	471	815	446.036	3.84028146028
	442	899	89.62	2.7804304035
	860	861	100.518	4.69000183857
	233	779	3630.753	0.0500002170837
	707	475	1309.202	1.74510969491
	674	673	1414.163	3.84531142941
	915	369	114.732	0.0500000000002
	375	921	829.125	0.0500000005904
	441	591	4029.387	3.28732689409
	899	897	216.952	6.63509213647
	507	508	3152.571	8.04633450872
	501	571	2913.745	2.51942022659
	649	642	1733.116	4.65285999914
	851	669	949.575	4.62061574312
	509	659	4102.261	0.630101111125
	921	920	255.062	7.14089538018
	908	911	199.319	11.4200692137
	712	166	3165.588	0.0500001254464
	76	622	5362.965	0.0500010333806
	649	103	1522.818	0.0500000067179
	636	632	2491.555	4.78709097269
	816	822	646.258	3.90261227901
	452	652	2927.531	2.1799578331
	159	705	4124.313	0.0500003614489
	798	799	767.418	3.6719009132
	837	838	625.028	3.79107113286
	810	809	536.892	4.22197267199
	391	709	589.609	0.530118614703
	619	617	2852.114	3.36274372678
	750	748	153.623	4.92000100238
	588	587	1271.595	4.73143133946
	462	876	161.509	4.35008770057
	610	64	14507.559	0.0500553372852
	707	473	310.258	4.3961016562
	606	60	3169.08	0.0500001260008
	619	434	5471.915	0.663322690776
	447	448	2115.357	4.05965936527
	612	595	470.558	7.07025613123
	745	744	1243.801	3.7910498544
	644	646	2304.623	5.25418475862
	434	619	7261.703	0.691322682653
	675	676	1543.464	4.32401892837
	738	192	500.184	0.0500000000782
	678	688	2957.143	4.19515345951
	419	420	4194.318	4.80201995144
	554	625	4762.544	3.49895691581
	146	692	6237.225	0.0500018906281
	568	533	4341.968	1.36748014916
	671	672	1026.999	3.67563480225
	421	422	5028.092	4.07150043387
	523	545	4112.71	0.128239575475
	677	687	1557.871	4.37094262449
	621	618	1889.967	3.92948432972
	130	676	2694.069	0.0500000658075
	97	643	5674.347	0.0500012951022
	868	322	376.029	0.050000000025
	616	620	1195.983	3.79127110005
	425	426	6862.011	2.6199404927
	700	410	3138.551	2.08154980818
	651	827	324.674	3.99665049852
	239	785	482.697	0.0500000000678
	835	455	758.705	2.85174881103
	422	766	1041.518	4.24718505512
	791	797	1082.155	3.79831223136
	839	847	56.71	6.38000061863
	502	632	2552.998	3.77205750336
	536	438	6968.539	3.3041548224
	630	84	5054.292	0.0500008152331
	706	474	3536.91	2.83324915124
	474	538	4237.013	3.57679615185
	895	889	78.0	8.59076310239
	914	915	13.167	21.8600015769
	909	363	177.678	0.0500000000012
	302	848	221.373	0.050000000003
	674	684	688.59	4.31857763998
	328	874	508.995	0.0500000000838
	673	678	3672.665	4.05017338738
	393	712	1997.427	2.66168732589
	633	632	3462.148	4.55383482841
	912	908	0.0	12.32
	875	845	158.557	7.14000835692
	478	633	3381.685	1.95094552772
	574	531	1279.576	2.95790506492
	391	392	2724.124	4.4522945509
	102	648	3313.548	0.050000150596
	728	182	2232.864	0.050000031052
	863	890	101.101	8.98000173742
	404	403	5975.984	3.60937605503
	580	575	2834.505	6.27883137914
	610	679	4434.636	4.9250201399
	722	176	435.69	0.050000000045
	669	667	1677.647	4.32213788915
	499	569	6180.161	2.34079401478
	511	512	6074.386	2.93212612827
	90	636	1991.295	0.0500000196419
	836	456	610.949	2.41005503987
	851	849	118.179	7.13001303833
	480	484	5774.965	2.69857566899
	836	290	1333.818	0.0500000039539
	174	720	298.206	0.0500000000099
	694	148	10976.238	0.0500181323682
	827	281	148.572	0.0500000000006
	673	671	1652.894	4.00089416911
	562	559	0.0	5.66
	804	258	1428.552	0.0500000052027
	572	26	11274.795	0.0500201871535
	622	614	750.994	6.06112945722
	788	790	564.123	3.39014233965
	554	619	2555.685	5.78417339936
	419	418	1657.857	5.27955454755
	861	860	140.059	4.69000693024
	466	855	262.223	1.67000189501
	629	479	3247.952	2.5568984567
	472	471	2355.159	3.0098013493
	693	147	12712.068	0.0500326216029
	245	791	817.164	0.050000000557
	643	576	3240.575	4.25089042055
	743	921	74.301	8.94000104628
	839	837	100.19	4.94000191142
	722	723	148.167	4.28001933842
	719	715	41.839	5.28000047939
	428	427	2615.337	3.66368080708
	828	838	348.521	3.75853863173
	859	860	60.573	8.17000006445
	679	681	3360.041	5.04026959773
	467	845	335.502	2.09010168525
	251	797	255.798	0.0500000000053
	386	932	19.8	0.05
	599	617	1389.913	5.04203332138
	139	685	1468.386	0.0500000058077
	362	908	2355.642	0.0500000384661
	524	578	2056.443	4.6836906506
	677	675	2150.292	4.03128174359
	759	213	69.471	0.05
	393	394	5199.352	4.01983835176
	809	263	324.513	0.0500000000139
	605	600	1153.569	3.66155548789
	442	929	587.7	6.31075243884
	918	782	91.505	9.50159850555
	408	409	2841.729	2.20396265338
	510	666	470.432	4.08011708436
	403	398	5200.95	3.14199426028
	466	862	298.773	5.40001032691
	508	507	4234.902	8.46674645389
	348	894	336.177	0.050000000016
	396	395	2348.989	3.67667030844
	845	299	731.916	0.0500000003585
	596	594	2006.53	4.76898561737
	11	557	9495.954	0.0500101576882
	683	137	1695.411	0.0500000103214
	613	596	0.0	6.09
	427	594	4120.698	1.45575836447
	784	919	135.699	7.35000957029
	856	310	29.124	0.05
	663	655	1089.897	4.39071695617
	477	503	4303.774	0.905369875437
	715	169	201.888	0.0500000000021
	176	722	727.758	0.0500000003504
	822	816	1521.305	3.98021600001
	613	67	4456.035	0.0500004925324
	873	327	25.947	0.05
	797	796	795.203	3.79472683608
	797	251	135.774	0.0500000000004
	620	616	1160.119	3.79112535584
	452	525	4894.345	2.63950491532
	795	797	417.104	5.80520153632
	175	721	1114.821	0.0500000019296
	671	676	2431.107	4.16292938779
	361	907	856.323	0.0500000006717
	904	358	2820.681	0.0500000790781
	708	913	159.103	20.0400237803
	756	753	2447.454	4.72116250616
	131	677	4505.22	0.0500005146411
	413	414	2881.572	2.80056695524
	199	745	2693.331	0.0500000657354
	810	812	83.976	4.01000019934
	704	538	2032.647	4.18261309649
	354	900	220.023	0.0500000000029
	772	770	760.842	4.05022247102
	724	725	629.627	4.00116412497
	230	776	2710.935	0.050000067471
	722	724	1217.339	5.31764189047
	692	691	6656.321	4.52337570063
	631	628	1557.504	6.55323888714
	278	824	1016.82	0.0500000013354
	578	577	4182.683	4.68189578755
	828	282	66.492	0.05
	404	680	6139.493	1.56578371286
	702	156	2157.327	0.0500000270585
	793	801	336.254	7.03016642992
	650	453	611.682	3.76746494969
	597	51	840.69	0.050000000624
	388	390	1370.218	11.1290759281
	552	6	6199.803	0.0500018456614
	282	828	180.675	0.0500000000013
	450	508	2487.939	3.83494248201
	596	50	4811.814	0.0500006696931
	886	887	76.33	6.84055724784
	619	554	2100.91	5.34180686655
	409	538	3922.228	1.5534948943
	617	612	3130.545	4.49119418702
	855	467	513.066	5.8815645934
	757	768	1281.507	7.66912842477
	463	464	1399.5	3.91495461717
	671	125	901.944	0.0500000008267
	897	892	1301.251	7.23613623748
	385	931	141.3	0.0500000000005
	705	476	609.252	2.02027820076
	346	892	2115.045	0.0500000249988
	457	829	400.707	3.66411535615
	916	370	201.204	0.050000000002
	854	670	32.598	10.3100279405
	481	483	3684.503	1.69586246771
	344	890	129.159	0.0500000000003
	805	804	2425.275	3.64556041432
	246	792	1078.605	0.0500000016908
	548	2	4485.636	0.0500005057508
	628	632	2279.994	5.02236283834
	858	857	54.739	7.46000012403
	435	434	5331.886	3.66548803303
	658	112	3217.86	0.0500001339396
	912	518	162.909	1.64000115463
	249	795	2186.082	0.0500000285303
	427	426	3412.739	1.26050619019
	458	467	2029.658	5.25770030108
	654	108	2959.254	0.0500000958009
	765	774	4227.23	4.15820202658
	807	805	880.545	3.83147348205
	570	500	5529.525	1.82508401824
	352	898	571.644	0.0500000001334
	802	801	207.815	7.09012397242
	905	670	642.585	10.2557487932
	623	77	9821.844	0.0500116255256
	740	742	391.091	3.99276573398
	666	510	484.72	4.08013197
	814	809	992.236	3.7238090898
	582	581	2781.353	6.81929210267
	741	743	366.333	6.78828875314
	767	777	5154.119	4.95408431703
	853	307	132.669	0.0500000000004
	868	865	160.321	12.339533659
	787	789	178.074	6.04455226553
	780	781	406.695	7.09019388341
	446	858	210.775	2.41000013668
	414	413	4020.333	3.30417701498
	704	706	677.742	4.55002758573
	898	442	92.596	6.49114505103
	606	675	2466.815	6.63688926365
	716	170	4687.767	0.05000060326
	860	852	224.045	6.08014362032
	882	883	24.687	7.700000429
	550	551	5353.796	5.44587416215
	71	617	3581.928	0.0500002056401
	740	738	385.003	4.29410559735
	743	197	465.606	0.0500000000587
	602	671	2336.791	4.86068265814
	320	866	2603.547	0.0500000573987
	517	518	132.522	6.6400020471
	649	651	598.29	3.90468471159
	768	757	435.921	7.48253223518
	830	284	305.982	0.050000000011
	569	532	2691.121	2.98713352337
	916	917	296.757	7.64888768197
	810	866	278.656	6.49015026212
	242	788	329.004	0.0500000000146
	468	829	353.037	1.33007933481
	731	729	837.754	4.30124104003
	415	414	1062.591	4.10522477354
	913	720	439.569	9.25063952305
	461	874	554.808	2.35208742076
	309	855	841.176	0.0500000006254
	488	405	3622.615	1.05174662201
	870	324	74.142	0.05
	892	897	1530.692	9.22670760734
	869	866	715.753	8.23829437693
	587	400	1180.94	4.98776174235
	296	842	1125.234	0.0500000020027
	539	409	2843.557	2.90487712513
	614	619	2744.703	5.97051544157
	587	604	3159.398	4.53033036189
	625	554	3939.281	3.44099958506
	747	752	1315.522	4.52140805927
	604	399	6658.504	3.72770293943
	866	869	461.045	8.23142792148
	702	700	1924.162	5.12557277835
	495	551	3513.72	4.73466224445
	231	777	2885.877	0.0500000866466
	810	264	227.592	0.0500000000034
	65	611	3121.281	0.0500001185692
	733	187	605.214	0.0500000001676
	256	802	439.515	0.0500000000466
	876	462	125.497	4.35003197046
	570	24	6193.431	0.0500018380854
	466	467	1999.541	5.41516625397
	854	308	112.644	0.0500000000002
	920	374	498.618	0.0500000000772
	373	919	1129.077	0.0500000020302
	840	294	454.869	0.0500000000535
	397	396	2348.989	2.12541763036
	410	690	1338.306	2.98721495768
	905	359	3461.598	0.0500001793688
	737	733	454.126	5.90096358206
	151	697	1546.497	0.0500000071456
	18	564	8370.666	0.0500061331067
	110	656	5094.54	0.0500008415121
	633	87	5247.549	0.0500009472541
	599	597	368.233	4.53008325458
	662	664	1337.361	3.79443481013
	528	526	3749.284	10.3066590517
	198	744	2212.236	0.0500000299203
	751	755	854.566	4.87480969615
	440	613	2196.639	2.29035892699
	98	644	7593.228	0.0500041528499
	626	485	5889.989	1.84990456554
	627	484	4395.74	2.06556170592
	903	514	1766.593	2.65707526446
	668	666	356.576	4.1801251385
	429	428	3326.996	0.875526265379
	663	449	1268.197	1.44419300542
	399	398	4407.242	0.785194555794
	791	790	296.561	4.62033501897
	607	605	466.174	5.50243515246
	665	849	101.151	6.48010175294
	235	781	217.89	0.0500000000028
	908	912	0.0	12.32
	758	212	402.354	0.0500000000327
	798	804	1053.266	4.49021025326
	405	406	2359.832	2.54883025091
	832	872	50.284	6.290000377
	27	573	6974.541	0.0500029559902
	479	629	2826.05	2.37041564967
	795	794	501.333	7.03026020269
	419	743	236.364	1.44013317234
	683	684	822.084	4.5078923897
	604	397	1056.657	1.28295496504
	462	461	1850.086	5.45312123884
	711	807	893.316	3.19780085774
	603	602	1558.947	3.83322026191
	849	851	84.376	7.13000338795
	668	669	2232.924	4.86803436225
	587	41	10090.008	0.0500129481139
	737	191	4376.313	0.0500004582199
	488	680	2435.05	3.3709767639
	598	599	1481.658	4.25172114969
	397	398	6873.223	3.62405212635
	777	231	2364.552	0.0500000390513
	792	784	144.651	7.73050764079
	805	799	1797.158	3.60434644111
	627	626	4196.562	5.10830735177
	740	920	161.001	7.59004781095
	583	540	1033.929	0.561185105829
	846	836	221.572	6.34005867863
	866	868	288.506	10.3721287486
	449	663	1281.271	1.44562495916
	406	407	3491.424	3.42804554652
	815	472	2817.852	2.47919817035
	582	580	1695.226	6.53349393011
	458	459	1917.197	1.43463675599
	825	826	421.012	3.68108391941
	806	804	920.313	3.82555624836
	647	524	3894.224	1.63956365014
	179	725	1580.283	0.0500000077908
	443	898	283.154	4.04140236772
	655	663	627.398	4.39007872693
	489	631	1673.963	4.26320036565
	511	521	2468.525	3.14780455542
	586	584	959.123	6.15304946485
	716	713	0.0	6.77
	634	571	1975.519	7.19957353392
	899	891	39.185	7.18000253919
	757	759	671.869	4.4567465864
	848	844	311.685	6.00005660228
	112	658	3293.307	0.0500001469499
	742	741	455.711	4.49127307033
	450	451	2553.808	1.45470031721
	701	702	1928.245	3.62261587247
	511	522	2193.194	4.7260986051
	805	259	2535.93	0.0500000516642
	542	527	979.367	0.650597742731
	927	381	1412.1	0.0500000049671
	125	671	2001.735	0.050000020057
	494	493	8369.098	3.16342252545
	840	847	109.676	6.40000355597
	902	513	2209.089	3.6754606876
	475	706	1452.232	3.09369347922
	476	477	4916.338	4.2301781238
	776	590	4432.504	4.84710632734
	457	458	2116.658	1.5300963002
	657	111	4636.728	0.0500005774135
	830	832	43.099	4.11003403469
	898	443	789.026	7.68219739665
	330	876	216.801	0.0500000000028
	727	721	298.911	7.03010392718
	913	417	1137.462	3.45577279006
	672	722	774.129	3.77285354836
	264	810	308.808	0.0500000000114
	571	632	1650.028	7.98088091953
	827	825	457.138	4.37849507547
	768	222	2387.313	0.0500000405768
	603	57	1293.183	0.0500000034937
	335	881	514.908	0.0500000000878
	555	556	2900.67	6.38134502237
	784	783	446.136	4.94019562083
	920	921	821.937	7.23655584264
	622	540	3584.803	2.28518688989
	294	840	617.985	0.0500000001822
	801	913	114.138	24.9200042275
	617	599	660.373	4.56558228361
	425	775	1598.942	2.78054744907
	166	712	2171.682	0.050000027786
	527	546	969.957	4.24375141288
	698	697	1993.818	3.9865755141
	806	710	2536.269	4.07931329383
	655	109	2580.417	0.050000055386
	469	470	3477.818	3.12921709708
	625	622	1006.787	4.81893750926
	626	624	7093.592	4.63656911401
	504	635	4899.602	0.466201485102
	609	63	5398.731	0.0500010612244
	472	813	1163.859	1.39472304972
	420	752	1282.795	1.68842450817
	44	590	6415.686	0.0500021164737
	473	475	4811.963	3.57790555638
	584	710	728.815	5.9620786549
	658	659	305.811	5.56000797127
	624	555	6568.727	3.49789988285
	173	719	544.599	0.0500000001099
	639	93	4039.875	0.0500003327455
	538	704	3277.894	4.1976720615
	585	401	6368.394	2.02363454841
	904	906	1089.373	8.14419345549
	857	847	89.144	8.29000052329
	442	898	33.094	6.49001868327
	887	859	85.311	9.21000028585
	783	918	44.55	9.98009434798
	627	486	4806.502	2.31956514175
	687	407	7773.533	2.23469597067
	670	512	216.675	7.48015456391
	797	791	471.049	3.6553245564
	843	848	40.452	6.45000016192
	888	860	203.561	8.33001429692
	891	345	210.006	0.0500000000024
	299	845	824.49	0.0500000005773
	646	644	3714.749	5.3932525929
	656	110	3793.437	0.0500002586854
	643	97	6476.94	0.0500021984671
	656	657	2376.273	5.65123475321
	62	608	4925.25	0.0500007351121
	464	463	1555.2	3.92280492661
	783	788	709.523	5.57152572914
	490	489	6383.272	1.20788260785
	388	708	196.303	2.9000403717
	916	780	355.113	8.23265699385
	430	429	0.0	0.63
	857	885	71.501	7.39000019307
	495	560	5799.507	1.00643413129
	221	767	2262.663	0.0500000327431
	745	743	244.765	7.62025640324
	502	634	1684.35	4.84246457962
	684	683	1459.315	4.57836820946
	687	689	552.693	5.02002926434
	453	450	2829.497	4.63014763533
	436	435	6635.593	2.81337013839
	846	300	200.718	0.050000000002
	432	599	3479.539	1.40131480176
	274	820	178.29	0.0500000000013
	771	225	991.962	0.0500000012095
	911	365	524.574	0.0500000000946
	822	824	558.099	3.95359263709
	703	704	2494.596	4.297875976
	815	821	854.248	3.58732065826
	710	712	2107.832	5.29679752347
	571	570	1204.397	6.51528888009
	869	868	96.577	7.02000572537
	731	185	744.048	0.0500000003829
	817	819	246.069	3.51001286334
	789	791	611.186	3.46426392046
	422	762	1258.455	1.1973115073
	503	633	3617.554	3.53744787978
	641	642	1064.076	3.55038243425
	727	731	490.883	5.26286331408
	516	515	284.751	5.77000910433
	692	146	4731.21	0.0500006259352
	887	886	204.982	6.86898212654
	806	260	839.511	0.0500000006205
	609	608	2608.306	4.43719072779
	861	888	23.258	9.06000000155
	637	576	1491.034	5.81679691306
	720	726	122.384	7.07000293714
	835	836	393.837	3.73001038631
	722	718	1469.557	3.85787599008
	573	528	2006.625	5.72386407764
	706	475	723.815	3.08084504554
	550	4	7178.679	0.0500033175586
	731	727	202.203	5.26008243419
	732	417	185.841	9.84001173222
	595	612	500.255	7.0731007656
	449	450	2767.278	2.02814831478
	597	778	0.0	10.64
	475	476	4816.565	1.89700524231
	353	899	278.091	0.0500000000075
	541	902	904.078	8.04057449562
	622	615	3302.111	5.380417632
	407	406	4911.361	3.77221779834
	343	889	121.248	0.0500000000003
	471	472	4408.343	4.0223092362
	902	541	1871.606	8.39788818
	574	568	12036.434	3.18339061912
	410	409	5256.615	4.6501591319
	703	693	2418.416	6.7751771587
	322	868	507.564	0.0500000000829
	614	622	1955.485	6.11192085956
	438	535	4239.552	8.39178887337
	736	866	917.243	6.66471227834
	637	571	3687.338	5.31969260424
	677	131	3276.873	0.0500001440386
	519	670	781.782	3.15099622435
	902	660	3903.799	6.55313062645
	803	807	286.259	5.74578148963
	2	548	6047.469	0.0500016708408
	842	296	702.279	0.0500000003039
	345	891	503.181	0.0500000000801
	717	716	941.384	4.09188209635
	517	908	431.466	2.55033935771
	662	654	2999.216	4.43447563708
	521	670	386.117	3.93258817994
	755	745	1424.285	4.76145334929
	844	842	564.165	3.91170618514
	393	392	2627.834	2.67154888289
	527	526	3585.962	7.00338199919
	849	665	120.816	6.48020709236
	513	512	5901.864	4.81611763146
	33	579	4254.705	0.0500004093721
	408	407	5585.114	4.00896678676
	150	696	1320.75	0.0500000038012
	584	605	388.714	8.07545909293
	544	903	1543.68	5.39734563114
	525	657	2084.867	2.52138147068
	471	816	1078.606	0.611528929297
	834	456	1819.393	2.01361029455
	824	469	471.505	4.01036702515
	922	418	2007.728	5.49662302989
	724	728	1967.552	3.76050301278
	885	445	84.149	6.37004791004
	415	733	673.561	3.01061928892
	631	489	2598.037	4.42263747461
	109	655	2725.29	0.0500000689114
	573	577	1596.035	4.91267725025
	579	582	1594.458	6.06475695064
	682	487	3610.898	3.99706339654
	735	189	3100.302	0.0500001154135
	626	630	3622.366	4.32762032652
	584	768	199.746	10.1500038778
	837	827	688.47	3.84331285579
	830	820	83.367	4.75055065748
	533	498	6899.136	1.91650850721
	477	504	5333.394	1.01459161
	756	755	1874.206	4.5212750551
	881	335	403.938	0.0500000000333
	871	874	223.914	7.87007596804
	886	858	138.363	7.67000067466
	813	473	1620.724	2.93035594495
	551	563	17426.248	3.34627939059
	840	839	405.334	3.9009869338
	494	563	9303.228	2.59180735225
	831	457	1039.37	0.846038859559
	670	124	913.626	0.0500000008704
	580	581	162.558	9.79102543312
	244	790	1723.131	0.0500000110132
	498	499	4633.398	1.48822261383
	154	700	4613.508	0.0500005659337
	800	792	29.112	7.99001377356
	797	795	690.108	5.83897826143
	890	863	85.277	8.98000087945
	768	772	2036.71	7.83612504684
	301	847	465.768	0.0500000000588
	534	515	2524.246	1.67533887682
	795	249	2503.701	0.0500000490874
	811	809	693.037	3.95349908108
	578	645	1203.56	5.85142073509
	868	866	545.738	10.3972547222
	604	58	8938.278	0.0500079736267
	445	444	799.022	5.00203715482
	407	687	3721.164	1.7375517498
	701	474	1820.679	1.74900197388
	852	853	180.659	3.49003485259
	822	470	196.613	3.36075314649
	756	766	4434.82	4.98699613213
	772	771	2688.106	3.9893733988
	484	629	653.624	3.65007710652
	821	826	288.208	4.39011631075
	708	388	132.804	2.90000845695
	365	911	790.803	0.0500000004886
	228	774	2000.412	0.0500000200041
	654	659	1957.972	4.82158808001
	771	772	1054.718	3.9411701806
	467	466	1800.747	5.38602180408
	489	485	7390.8	4.56484077454
	874	461	414.691	2.35065153474
	780	916	110.826	7.93287111814
	695	697	982.5	4.63157816509
	629	628	2830.753	4.81552401617
	401	590	6462.176	2.17532547742
	614	439	4271.781	2.82483132634
	658	510	3347.742	0.397230833918
	496	495	11754.314	3.67724993744
	194	740	1161.207	0.0500000022713
	216	762	1166.013	0.0500000023092
	907	908	665.179	7.76281333909
	842	837	787.855	3.62303958172
	243	789	555.687	0.0500000001191
	271	817	423.333	0.0500000000401
	878	875	463.788	8.22670108192
	922	744	2009.903	9.25724937648
	919	918	106.535	7.89003011428
	498	497	9141.443	1.04729401931
	720	913	233.586	9.25005099589
	527	542	538.063	0.650054458409
	820	819	420.748	3.52326856501
	185	731	854.622	0.0500000006664
	645	647	2399.729	3.97197483386
	207	753	1807.065	0.050000013321
	481	482	0.0	0.54
	840	835	328.532	3.85004483225
	663	117	479.943	0.0500000000663
	728	729	431.558	4.00003329875
	931	906	141.3	14.79414016
	690	685	718.793	3.82059748914
	536	537	4810.547	3.64513716258
	518	930	0.0	9.32
	772	768	820.08	5.25955341572
	773	764	585.147	4.13089663611
	414	415	497.393	4.10025084279
	871	325	42.237	0.05
	633	629	2878.109	4.92883506772
	468	458	2033.919	2.95977905915
	740	194	1089.693	0.0500000017614
	473	474	2682.206	3.27012197313
	496	553	5402.532	1.42817962646
	557	556	5016.04	6.23492236449
	844	848	166.666	6.00000462763
	826	825	416.627	3.6810394623
	877	876	393.849	7.71549666905
	578	579	930.794	7.33122912713
	776	774	880.65	4.01446646536
	659	657	1735.794	5.22014040723
	588	42	1215.729	0.0500000027289
	553	496	5235.014	1.41300586908
	569	572	1976.249	8.02045167001
	751	420	665.533	2.57093372232
	312	858	465.579	0.0500000000587
	843	844	385.747	4.25017426309
	741	742	479.63	4.5869291338
	552	435	5571.309	1.20366076384
	423	422	2906.675	3.16327917998
	906	904	1027.92	8.14332432039
	697	695	2124.525	4.66450401062
	767	423	688.821	4.21777706783
	915	914	101.232	21.8655097598
	566	631	744.033	7.30091565398
	695	696	875.044	3.99006722147
	561	492	5728.657	3.16608358715
	875	329	449.262	0.0500000000509
	883	464	63.146	3.92000058431
	113	659	3406.257	0.0500001681706
	727	415	289.679	4.80003378535
	678	676	1136.211	4.09681362688
	831	845	294.438	5.97673040233
	733	737	1010.558	5.9236280681
	824	822	1241.243	4.03790136542
	528	529	4862.684	1.49718588804
	411	410	4716.939	4.06595030565
	567	562	11210.818	3.5767925583
	118	664	3857.463	0.0500002765971
	462	873	12.033	3.45000000214
	485	628	3802.974	2.88991712886
	882	879	26.838	7.87000061244
	479	478	6971.616	3.88315651677
	501	500	6697.125	5.3528983695
	187	733	845.244	0.0500000006376
	896	895	38.71	7.51004047099
	691	486	4024.077	2.45288277096
	847	848	142.904	7.62000076268
	879	882	9.427	7.87000000932
	840	454	891.437	2.45286506809
	718	603	1053.839	4.72817821051
	705	703	2686.897	4.397770695
	734	696	1091.091	4.37636784446
	777	767	1699.699	4.58442425154
	200	746	2323.53	0.0500000364111
	746	792	940.98	4.44805393685
	617	71	4544.676	0.0500005329079
	774	776	3152.303	4.74326749567
	441	440	5358.549	3.15042220169
	906	908	722.023	7.63207275394
	47	593	2602.944	0.0500000573456
	509	508	5236.819	2.84500929713
	819	829	892.173	3.79444674017
	657	659	1779.148	5.22015496907
	560	561	5219.18	4.41329689445
	751	743	169.848	6.11000941649
	609	611	2307.24	4.00994120504
	611	65	3015.396	0.0500001032804
	795	799	1398.168	5.79379242615
	779	777	1185.823	3.80870136175
	732	733	206.333	6.82002289103
	825	638	1403.422	5.74227765598
	547	549	4164.429	5.42798716124
	889	884	19.995	7.86000003722
	372	918	573.462	0.0500000001351
	694	408	1984.588	2.41685639304
	691	481	6658.957	2.81983245201
	66	612	5574.015	0.0500012059047
	565	19	4574.259	0.0500005469196
	55	601	1600.578	0.0500000081988
	874	875	115.529	6.81000071082
	676	675	4151.022	4.53025405881
	548	552	2166.285	4.67311121796
	623	622	3819.487	6.08793038568
	433	432	4903.761	2.98360488926
	762	216	2541.726	0.0500000521381
	759	757	784.588	4.47973894793
	612	440	2187.456	3.20667298316
	645	652	1615.569	3.82039035223
	804	798	483.85	4.48045470239
	785	793	305.413	6.96003548221
	143	689	3666.825	0.0500002258402
	470	471	3464.404	4.71323999579
	830	872	26.003	5.96000000505
	550	560	2757.679	5.71216750206
	367	913	2243.403	0.0500000316424
	657	656	2004.662	5.64569040052
	473	813	663.993	1.48198631453
	818	272	523.242	0.0500000000936
	929	383	587.7	0.050000000149
	903	544	1161.099	5.39235113199
	440	612	2139.082	3.15818511804
	909	912	4.59	9.83000000013
	338	884	299.682	0.0500000000101
	556	555	4269.733	6.46020887658
	538	474	2046.408	3.33397391911
	370	916	546.003	0.050000000111
	791	789	298.924	3.45081618472
	410	700	3041.376	1.96433574235
	595	596	2407.479	4.22733853797
	715	714	130.041	6.66000069669
	390	925	1271.7	6.94811719678
	505	506	5241.105	2.57344213765
	562	567	5763.144	3.2356158748
	445	885	57.239	6.37001025649
	755	751	1463.459	4.91136732522
	773	227	1154.853	0.050000002222
	713	716	215.167	6.77013603874
	866	812	478.103	6.52070857602
	585	39	4093.2	0.0500003506649
	872	326	45.288	0.05
	924	378	133.2	0.0500000000004
	488	682	2376.804	3.10945676817
	754	752	712.568	3.69891872767
	518	517	271.133	6.64003586879
	528	573	2555.227	5.81162903757
	691	692	3363.743	4.2397849515
	901	355	77.508	0.05
	841	663	653.411	4.16075798075
	848	447	316.805	5.59003299371
	603	601	506.117	3.90758218768
	600	601	715.62	3.76906214756
	566	559	4224.253	4.64913713333
	857	311	37.539	0.05
	570	572	2329.942	5.33565165928
	417	416	1309.547	5.16513946996
	690	689	2740.421	4.22550086935
	622	554	1725.824	6.27154386788
	876	879	17.725	8.12000012022
	604	605	1734.958	4.12704232629
	905	514	936.439	11.2860490055
	755	756	4499.784	4.56236686459
	640	639	1346.217	3.53134880836
	572	576	3211.029	4.21283044614
	743	744	308.135	7.11024613023
	506	505	7553.268	3.08190060147
	167	713	1040.058	0.0500000014617
	129	675	3463.875	0.0500001798413
	494	495	9986.08	3.44886295352
	906	931	93.6	14.7827226328
	449	662	562.286	2.91272705155
	615	613	2080.078	3.6110137175
	616	433	3694.745	3.41166846251
	489	490	7453.591	1.33491974353
	763	754	310.351	3.86537144533
	724	178	3037.203	0.0500001063006
	634	637	2546.944	5.50342919924
	697	151	1581.633	0.0500000078174
	610	537	5220.105	0.908592181208
	689	408	2671.906	3.23640568892
	835	840	179.605	3.85000400455
	849	859	52.758	7.36000000935
	732	864	178.94	7.94000476981
	588	397	3682.459	4.04840662048
	586	585	2666.151	4.38522311335
	779	425	1631.205	1.5782352077
	708	714	82.128	6.99000018633
	642	638	843.625	5.4451027337
	613	608	905.756	4.30105865521
	725	724	1544.961	4.0422023189
	905	513	2448.919	9.44787749081
	487	681	4201.102	2.1445092213
	457	831	1239.961	0.975302964794
	678	132	3607.407	0.0500002115539
	357	903	10410.408	0.0500146727484
	896	350	71.415	0.05
	411	695	3580.99	1.05979392999
	664	662	2156.819	3.82000096447
	465	466	1702.711	5.78822749902
	653	107	2342.304	0.0500000376022
	589	590	2472.241	4.54121846504
	828	823	995.289	3.84697805329
	621	620	3077.498	3.04354867669
	887	341	27.693	0.05
	624	623	2419.427	6.27802445979
	865	733	810.03	6.95071812569
	441	596	7382.712	0.967561132954
	96	642	528.669	0.0500000000976
	685	686	1074.43	3.63819959541
	898	352	344.331	0.0500000000176
	389	914	252.184	3.96006150303
	703	157	5565.879	0.0500011988794
	823	821	1952.872	3.76178741706
	101	647	2830.239	0.0500000801554
	814	813	1720.899	3.76381676685
	69	615	5643.513	0.0500012671808
	307	853	305.793	0.0500000000109
	776	771	1184.971	3.92952750278
	593	595	1995.146	4.25636388955
	48	594	4480.263	0.050000503332
	599	53	3314.745	0.0500001508138
	917	918	110.751	8.1429391806
	552	550	1359.778	8.01903726422
	438	439	4177.863	2.57548470162
	486	480	6523.92	2.33900704272
	863	317	56.592	0.05
	785	780	83.943	8.54000162827
	869	818	121.522	6.33004090247
	519	521	2415.029	2.74220595966
	317	863	163.665	0.0500000000009
	624	556	812.175	9.88567228847
	882	336	23.751	0.05
	816	811	250.805	3.81002791746
	431	432	6391.504	4.92982810952
	723	722	265.071	4.28019809062
	917	782	449.494	8.24062291537
	241	787	1089.315	0.050000001759
	486	535	9533.283	0.491282386122
	861	907	157.155	6.57011874201
	206	752	637.56	0.0500000002064
	456	834	1879.798	2.01411416108
	869	323	48.663	0.05
	418	419	3381.072	5.43528731834
	505	634	4304.609	1.53881428347
	323	869	135.351	0.0500000000004
	793	914	564.768	8.70829795079
	418	921	723.935	3.86993932466
	415	727	325.107	4.8000536001
	254	800	838.017	0.0500000006161
	538	699	5388.994	0.463898714216
	502	503	3342.658	3.91059911584
	452	654	2828.923	2.28912259621
	646	645	2999.725	4.46142230834
	659	113	4606.407	0.0500005624575
	776	230	2112.507	0.050000024879
	794	248	157.176	0.0500000000008
	795	803	969.674	7.35488503196
	786	781	170.825	6.76002210465
	518	912	62.073	1.64000002434
	349	895	132.48	0.0500000000004
	607	61	2980.341	0.0500000985608
	757	746	535.539	7.09034171335
	640	635	1304.653	5.22187700041
	684	728	1104.559	3.91581770256
	651	105	781.758	0.0500000004666
	826	821	336.307	4.39021564499
	541	582	888.327	5.77377352676
	539	704	1380.947	4.8842593086
	191	737	3432.744	0.0500001734627
	805	807	1185.953	3.88065878481
	761	760	1763.385	3.76478029985
